134 66 134 
134 66 
-1 41 66 134 66 134 167 166 71 
-1 96 49 153 
-1 67 146 38 73 51 81 48 105 87 141 118 
61 63 61 
-1 80 75 153 
-1 61 83 32 25 
61 160 
-1 108 88 145 40 118 
153 48 40 
-1 61 
-1 61 90 153 
-1 154 29 50 142 153 40 
-1 75 29 89 45 75 153 61 55 
-1 61 55 76 
55 154 29 89 50 36 167 48 81 61 
-1 61 63 61 154 29 122 75 153 
-1 75 29 43 122 153 118 
75 153 
-1 61 95 61 
-1 159 158 135 99 40 118 
118 40 38 118 61 55 76 
76 61 
-1 61 
-1 118 
-1 33 129 122 75 153 
-1 75 61 55 
76 55 61 55 153 154 122 139 153 
-1 140 
-1 139 140 153 
-1 118 146 38 106 73 51 81 
-1 138 
90 55 76 
76 61 153 48 118 
-1 122 153 
-1 118 
-1 146 38 83 61 153 
-1 61 76 
76 61 153 
61 55 61 
-1 61 153 140 153 
-1 67 38 84 57 110 
76 61 
-1 61 179 61 153 
-1 118 176 135 129 122 96 
122 154 
-1 50 45 122 96 
-1 63 80 154 
63 61 
-1 153 56 90 
-1 80 
-1 154 29 39 
-1 153 154 
-1 115 52 78 
40 61 
-1 61 63 
-1 118 
-1 154 139 63 
61 63 83 154 122 49 
-1 61 
-1 61 63 
-1 90 
-1 154 69 86 75 118 
-1 154 86 139 69 122 75 49 
-1 153 
-1 154 29 39 153 61 115 52 78 69 
-1 153 118 
