169 61 154 
168 169 55 
169 69 28 43 118 
169 168 48 76 
168 107 
-1 55 76 
-1 164 
169 147 
147 62 152 
-1 165 169 
169 147 154 98 
48 61 55 76 
165 50 114 152 180 177 
137 162 161 
160 103 
-1 18 
136 73 161 137 
169 147 
-1 40 118 
114 165 64 
169 84 
-1 40 
-1 89 
13 64 106 146 113 
169 168 
-1 166 120 119 51 73 169 43 
161 162 
169 168 
114 131 132 
179 167 
147 110 90 
-1 50 89 85 108 101 
-1 166 120 51 
-1 43 40 118 
-1 88 174 
161 162 
137 136 
-1 50 
-1 167 
-1 135 
147 55 63 
-1 169 
147 90 153 
-1 118 
147 110 90 153 140 
141 94 40 
166 31 120 119 120 
40 118 61 
114 118 
-1 88 
53 67 125 
-1 76 
40 61 
169 153 
46 102 
166 31 120 51 73 
147 145 
120 84 81 
-1 55 
114 152 140 
-1 31 120 57 51 
169 55 
75 138 99 118 61 
-1 147 
169 85 
-1 147 
-1 152 
-1 75 
-1 28 
-1 147 110 152 114 
-1 55 83 
147 110 90 
-1 147 110 90 
-1 147 110 
-1 161 
169 110 62 105 48 81 51 
57 119 120 
-1 147 110 
53 41 114 
169 147 
147 110 
-1 128 44 128 
-1 175 179 97 
169 147 
169 135 
-1 169 
169 55 
147 110 90 153 
-1 131 154 90 61 
169 131 
168 129 131 
-1 62 67 
-1 110 169 
147 110 
169 45 
117 162 
-1 39 78 
53 62 169 
-1 37 
-1 160 73 
24 19 13 
166 31 120 70 73 
147 169 
166 127 166 114 
129 166 31 120 84 81 
-1 117 
-1 59 60 
169 88 
53 62 67 115 
152 140 
-1 75 154 61 
112 59 63 
-1 169 45 
76 61 
169 110 28 
-1 96 75 42 
-1 175 174 
169 168 
152 140 
-1 50 45 
101 29 
53 62 
147 90 
114 166 31 120 73 
147 110 
-1 169 
110 90 140 
-1 28 
147 90 
-1 35 
-1 63 
169 147 
169 147 110 
-1 62 67 
35 97 
-1 71 
35 97 
53 62 67 46 102 
43 69 
-1 69 78 
-1 43 
147 90 153 
-1 20 
20 25 
-1 41 35 
62 105 
87 67 
-1 35 110 
130 168 
169 67 
168 102 46 
53 67 46 
46 67 62 
131 35 91 
62 67 46 102 168 169 
169 96 75 
-1 46 67 
-1 35 
35 91 
165 168 
169 147 
-1 167 113 
-1 117 73 
35 102 
40 61 
-1 101 
114 83 32 25 
-1 110 
-1 50 89 50 31 
-1 160 
-1 166 
147 110 
169 55 
147 61 101 
-1 21 
-1 12 11 12 
57 73 
168 169 
152 140 
169 168 
-1 168 169 
-1 131 130 
168 129 
169 168 81 51 
-1 73 57 120 31 
-1 40 118 154 
-1 37 
-1 143 
-1 55 
147 169 
-1 143 
168 131 
169 168 135 
-1 69 
110 169 
169 168 129 
-1 37 
-1 141 
-1 147 
163 94 61 
-1 50 89 
169 147 
50 36 
169 118 
-1 35 
-1 91 
-1 126 115 
-1 169 
147 140 131 
147 110 
81 48 
168 161 
169 110 
107 145 
61 168 
-1 16 
16 13 19 
24 19 13 16 
16 26 
-1 137 
-1 53 62 105 48 
-1 169 
-1 166 
169 168 
-1 161 121 
60 46 62 
147 110 
-1 117 
126 50 
-1 34 
147 90 153 
152 140 
-1 147 110 90 
147 110 90 153 
-1 168 
-1 121 120 
-1 28 
134 135 55 
169 66 
169 147 153 
169 110 
152 140 
169 147 
147 110 
147 90 
147 110 90 
-1 131 
-1 73 
-1 166 
-1 130 110 
64 51 
169 147 
-1 166 
169 147 
-1 147 110 90 
-1 180 
-1 167 
166 167 
166 167 
-1 37 
169 55 
114 88 
169 147 110 
169 147 110 153 
169 147 110 
152 140 
-1 43 
169 110 90 
147 110 90 
169 90 114 
169 147 110 
-1 147 169 32 25 
-1 25 32 
-1 147 110 
81 51 
73 120 166 114 
-1 36 
169 147 114 
152 90 110 
-1 166 57 70 
169 147 
165 167 41 53 62 
169 147 
-1 113 169 
114 168 
-1 50 
169 168 
-1 97 
152 153 
-1 76 
147 110 
147 90 153 
147 131 
127 126 
-1 73 
147 90 
-1 83 
-1 116 117 
168 48 
-1 121 
-1 50 
-1 166 
-1 50 
-1 50 169 
-1 50 45 
-1 108 
131 45 
168 48 84 
-1 58 
147 90 
-1 168 129 
-1 87 
-1 24 
