-1 105 41 36 50 121 
-1 105 
-1 53 
-1 62 
114 53 62 
34 105 53 41 
-1 112 67 62 
-1 41 53 62 
53 62 112 34 59 
-1 53 112 
173 97 102 
34 112 53 
-1 105 
34 67 
-1 67 112 
-1 93 60 105 
-1 28 80 62 67 46 102 
34 93 
-1 41 105 112 
62 67 34 
-1 112 105 
-1 41 53 62 67 
-1 112 105 
-1 41 
34 67 62 
-1 62 
-1 105 
-1 41 53 112 
-1 67 62 41 53 62 112 
53 62 112 
34 112 62 
41 112 
34 105 
-1 41 62 67 112 
-1 112 105 
-1 62 41 
53 62 67 
-1 112 
34 112 
-1 53 62 
-1 112 105 
34 112 
34 105 
-1 41 53 
34 60 
34 112 62 
53 67 112 
67 62 53 
-1 53 62 34 59 116 
-1 105 
-1 41 53 
34 112 
-1 93 
-1 149 128 178 
