119 57 146 106 146 58 166 115 
119 74 85 108 50 142 115 119 
-1 69 
-1 146 
146 106 73 
106 70 
57 70 146 106 146 106 58 73 57 119 
119 146 106 
106 73 
119 57 146 
146 106 58 70 
43 69 57 119 57 119 
74 84 119 
119 146 
106 58 84 120 
146 106 
146 106 57 120 
119 146 
146 106 73 57 
119 57 119 
119 74 126 167 105 166 31 126 120 119 57 43 
146 106 146 73 81 84 120 
146 106 146 106 73 119 
146 106 146 73 115 
119 70 146 106 146 106 73 
119 57 70 146 106 58 31 51 73 58 146 106 73 57 119 
119 120 53 106 
119 120 119 57 43 
146 106 73 119 
146 73 
-1 57 146 106 146 106 73 
119 57 70 146 
146 106 
146 106 
-1 119 57 119 57 43 
119 57 146 106 
146 106 73 57 119 
57 146 106 146 106 73 
146 106 73 57 
119 146 
146 106 73 119 
-1 119 57 146 
146 58 57 
-1 119 120 115 126 50 30 140 138 31 
119 43 
70 146 106 
119 146 106 73 
120 57 146 106 73 119 
-1 146 
106 73 119 
120 84 81 116 117 113 117 116 81 84 119 57 73 
119 43 
119 106 41 62 48 51 73 106 146 106 57 119 
106 73 119 
146 84 
146 106 31 166 
106 73 
146 106 
146 106 57 
146 106 73 
146 58 
119 120 
-1 119 
106 73 
106 73 
-1 140 30 31 74 
119 70 
106 73 57 119 
146 106 73 57 
-1 146 106 
57 70 
106 73 
146 106 73 
146 106 
-1 106 
-1 119 115 
-1 31 132 130 
