50 142 
-1 113 
-1 151 
-1 75 
152 72 
-1 154 
90 154 96 75 
171 30 
-1 75 
-1 169 61 
-1 69 
69 43 
-1 75 
-1 42 75 
-1 8 
-1 105 
-1 135 
50 75 
50 45 
75 29 62 48 81 51 73 
-1 50 45 
-1 103 
27 37 64 54 58 73 81 62 135 109 
-1 109 
108 160 
8 4 
4 13 160 
-1 135 
29 50 64 115 126 
75 109 
-1 109 
-1 75 
90 75 109 
75 29 
75 50 
-1 131 130 
90 154 
-1 135 
90 154 
-1 45 50 115 74 
-1 115 127 
90 80 
-1 75 
75 29 
140 98 108 
-1 109 
90 154 
90 154 
75 29 135 
62 134 
75 96 49 
-1 50 
-1 164 50 
138 75 
96 75 
-1 80 
75 90 
-1 109 29 50 
144 142 126 
42 135 
144 108 
-1 140 135 
29 45 
90 154 
90 96 75 42 
-1 29 50 
-1 75 
90 96 
90 109 
-1 50 126 
-1 80 109 
29 50 142 135 99 
96 99 53 134 99 
-1 29 63 
109 50 
75 42 
-1 75 
75 109 
90 28 
-1 80 
90 80 
-1 80 90 154 
80 154 96 75 
-1 96 75 29 134 43 
-1 60 
90 109 
-1 96 
109 80 
90 96 42 
-1 37 51 57 
-1 42 
75 154 
90 154 49 90 
75 90 154 96 75 109 
109 62 105 48 
55 48 29 
109 29 108 
-1 45 160 
103 160 
-1 135 
-1 98 142 
-1 166 50 
135 105 
109 75 144 
-1 108 176 160 13 
103 13 103 13 103 13 16 13 103 
26 115 
-1 29 98 142 60 
-1 48 
-1 70 84 50 
29 45 142 
-1 60 112 50 
-1 60 112 105 45 
-1 29 50 
98 50 
-1 29 50 142 
-1 29 142 
-1 60 50 
45 50 60 
29 45 50 142 
-1 60 50 
-1 29 45 142 
-1 98 
60 112 98 45 
-1 50 
-1 60 50 
109 29 142 
60 102 
112 50 45 
109 29 45 50 
60 102 87 129 
-1 29 
-1 29 98 50 142 
-1 60 105 62 
134 135 
-1 160 10 
10 160 129 122 29 
-1 29 
50 98 29 
-1 129 109 
29 98 50 
-1 108 
-1 60 50 45 109 
-1 29 98 
109 108 85 89 71 144 
-1 75 28 
-1 60 112 135 
-1 29 98 142 
-1 60 
-1 108 45 50 142 113 137 
-1 117 
-1 117 113 
109 160 
-1 99 96 
-1 75 
-1 29 50 127 115 
126 50 45 
-1 71 
-1 29 135 
-1 109 
-1 109 
98 50 142 37 
37 27 
