165 164 96 55 
114 131 132 148 
-1 41 165 143 
-1 66 41 
-1 114 165 164 74 
-1 117 137 
41 165 73 161 137 
137 165 
114 50 101 
-1 165 
165 113 
-1 137 
165 164 74 
165 114 101 
136 73 161 137 
165 164 142 114 50 164 60 102 129 
164 167 114 165 64 
-1 160 135 53 
137 148 
130 101 89 
-1 165 
114 130 29 98 142 
74 73 117 
114 152 164 
165 131 98 166 167 
97 46 67 62 41 
136 162 
165 164 
114 167 
-1 137 
137 162 164 114 
137 160 
-1 3 
136 162 
-1 148 170 
137 117 74 152 41 113 
91 48 126 114 
-1 73 
-1 170 91 71 
-1 120 74 127 114 
-1 64 58 73 106 58 73 51 
-1 61 
143 80 101 135 
-1 116 
-1 143 179 175 55 175 179 180 173 143 
135 50 142 176 
149 150 
176 121 73 43 58 106 89 50 89 71 31 120 119 58 106 146 
-1 170 176 
143 32 25 
-1 20 
20 25 32 91 
148 150 91 
-1 48 81 
-1 35 91 35 
176 37 73 
170 176 
91 128 59 37 
-1 161 
176 91 
170 176 68 
170 176 
170 176 
170 176 148 170 148 
-1 2 
176 150 91 
170 176 149 150 
176 91 35 148 91 
148 91 
176 6 
6 148 
-1 91 35 
-1 64 170 91 35 
176 113 150 149 176 121 148 121 
148 91 176 106 
-1 73 58 106 58 
176 150 
176 150 
-1 35 91 
170 176 150 149 
64 145 54 
-1 176 
170 176 
143 40 118 154 
-1 148 178 
-1 85 176 
176 76 17 
-1 50 
-1 64 73 121 148 
176 37 146 106 
-1 2 1 
-1 178 177 174 
143 178 177 174 
143 178 177 174 
176 113 
178 174 
178 177 
143 178 
143 178 177 
135 54 
143 178 177 174 
143 178 177 
-1 91 
-1 91 35 
178 177 174 
143 178 
170 176 
170 176 
150 176 
143 178 177 174 
-1 178 177 118 40 94 163 141 99 108 
-1 174 178 143 
143 177 
176 150 60 102 
-1 148 176 102 60 
-1 91 
-1 85 
-1 167 
-1 35 143 
85 148 
-1 23 
23 19 
-1 170 148 91 35 
143 178 177 
150 149 
-1 150 149 
176 150 
-1 142 70 73 106 58 
-1 35 91 
-1 88 
170 176 
150 149 
170 176 
176 150 
-1 148 91 
176 150 
176 148 
170 176 
170 176 
170 176 
176 91 
176 150 
102 60 93 60 
167 73 
-1 91 148 
176 149 
176 150 
-1 176 149 
-1 91 35 
176 150 149 
150 149 150 
91 35 
176 150 
176 150 
170 176 
89 71 78 43 
-1 35 
-1 35 
85 148 170 176 
143 176 
-1 176 149 
-1 35 
-1 55 76 
176 150 
176 35 
160 8 
8 7 
35 176 149 
170 176 
-1 60 
-1 35 91 
-1 148 86 30 
-1 91 35 
-1 176 
-1 148 
-1 91 148 
91 176 150 149 
143 174 
-1 91 
-1 150 149 
-1 148 135 45 
-1 86 
143 170 
-1 91 170 91 
-1 148 91 176 
-1 35 
176 149 
