154 96 75 96 
-1 154 96 75 108 98 50 142 166 31 130 
96 75 29 50 142 127 126 64 
15 64 54 31 166 75 96 
153 152 164 74 59 74 164 152 140 
-1 74 140 
-1 96 75 29 50 127 126 115 64 98 
154 75 29 89 98 75 96 154 
-1 75 85 89 85 75 100 75 96 154 
-1 79 
96 75 109 75 29 98 50 
-1 75 29 98 50 98 75 42 96 
153 90 110 95 180 173 
152 100 
-1 100 75 96 
153 140 152 164 165 
165 115 
154 96 75 42 86 
153 140 152 37 
154 96 75 29 98 50 75 
30 100 139 
153 140 152 164 165 167 166 71 78 43 77 65 52 71 89 85 75 
-1 96 75 138 99 87 96 154 
