-1 50 127 126 79 
-1 89 144 
144 71 74 37 
144 122 89 127 126 127 
144 166 167 164 166 142 152 166 
127 166 167 144 71 52 
-1 64 
-1 50 36 
144 71 105 142 127 115 120 70 106 146 
144 89 
50 130 140 29 108 89 144 
144 71 52 64 127 166 
-1 127 71 144 47 68 50 126 
142 115 81 51 73 51 81 
144 152 
-1 144 89 85 42 75 
144 89 86 75 108 
144 89 50 142 127 126 
144 89 85 36 50 89 71 126 89 140 
50 36 152 144 71 
50 152 
140 153 90 110 147 95 
89 50 36 152 138 135 
144 36 
-1 36 50 
-1 89 35 
144 71 126 115 126 152 110 95 
35 180 122 
144 89 36 
-1 74 164 152 127 115 50 166 
144 127 126 
152 140 
89 122 
144 152 122 89 144 105 62 121 87 
-1 29 75 140 75 50 89 144 71 93 
144 50 36 
140 75 42 139 140 122 140 152 68 113 117 130 75 29 108 
144 89 122 82 108 89 144 126 
-1 89 50 
50 36 
-1 36 50 
144 89 50 
-1 131 130 108 122 
-1 144 126 127 
144 71 
144 52 77 
144 71 52 
-1 130 122 140 152 144 71 127 126 
-1 166 144 89 152 110 95 180 95 147 110 
144 89 
89 85 109 75 109 75 89 
89 144 71 
-1 144 50 152 140 153 90 110 147 95 
144 74 
-1 40 
95 180 179 173 178 
89 144 36 
-1 144 127 126 
144 89 
152 153 90 110 147 95 180 179 180 147 110 90 153 152 127 126 127 126 
144 89 50 152 144 71 126 127 126 
144 126 
152 140 153 90 110 147 95 180 
140 153 90 110 147 180 179 180 147 110 90 153 140 
144 96 80 144 
144 80 144 36 71 144 89 179 
144 152 140 153 110 95 180 
180 95 147 152 
-1 152 140 153 90 110 95 180 
179 180 95 147 110 153 140 152 140 153 90 110 95 180 
180 95 122 138 140 153 95 180 173 180 179 173 180 173 70 57 74 164 152 140 153 90 110 180 179 
180 95 140 152 
180 110 153 140 152 153 95 180 
152 179 
180 95 147 110 90 153 140 
180 147 110 153 140 152 140 135 176 
-1 62 113 137 113 140 153 110 147 
110 90 153 140 152 144 89 152 140 
180 152 
