180 147 110 153 
140 153 90 110 95 
-1 13 
-1 6 
175 63 
180 173 177 174 97 102 60 
-1 173 
179 180 173 177 97 102 60 
127 126 115 
179 177 97 102 60 
177 174 48 70 73 
-1 174 
180 177 97 102 
89 50 36 62 174 
179 180 173 177 174 97 102 60 
180 177 135 
-1 174 177 
-1 173 97 
-1 173 
180 173 177 97 102 
-1 174 177 
179 180 173 177 174 97 102 87 131 
89 36 165 174 177 173 
179 180 174 102 60 
85 174 
179 177 97 
179 173 177 174 135 54 57 120 31 166 
165 174 
179 173 
-1 174 173 
89 50 36 175 179 174 173 
179 180 177 97 102 
-1 174 173 
179 180 174 97 102 60 
89 115 
85 174 175 179 
179 180 36 167 
179 173 174 
-1 177 173 179 
179 180 177 174 
85 174 
179 177 
179 180 96 85 164 167 174 
-1 50 177 
-1 16 
-1 178 173 175 180 
179 180 174 97 102 
85 108 174 173 
108 174 
-1 174 173 
177 97 
-1 174 
175 179 177 97 102 
-1 177 101 97 179 180 177 174 
175 40 
108 177 
-1 173 177 174 97 102 
85 108 
179 177 97 102 
179 177 97 102 
85 108 174 
179 177 174 
175 173 174 97 102 
179 177 174 97 
-1 174 
177 174 97 
-1 174 
-1 179 177 174 97 102 
