-1 128 
-1 21 37 
-1 83 63 
-1 113 
29 50 144 89 
-1 74 106 146 
135 50 
-1 113 
167 113 
-1 130 
50 41 
-1 21 
83 63 
19 24 
-1 24 
-1 24 
-1 128 
91 35 
128 97 
-1 102 
-1 135 
-1 143 
130 86 
-1 166 
106 53 
-1 97 
101 42 82 114 
25 32 
-1 97 
128 56 
-1 80 143 
-1 97 
-1 97 
-1 97 
131 132 
-1 97 
-1 128 
-1 48 
130 86 
-1 97 
128 160 
-1 167 
-1 20 
-1 20 
-1 25 32 
131 130 
41 53 
-1 36 
-1 131 132 97 
-1 36 113 
97 99 
-1 42 75 29 58 
-1 86 114 83 32 25 
25 32 83 
-1 113 
131 130 
-1 108 101 143 91 
-1 167 113 
