-1 60 
-1 112 
60 93 
74 63 
-1 25 
25 83 63 72 161 128 
-1 83 
-1 83 
-1 131 130 75 
111 93 60 
-1 128 
111 105 
-1 128 
-1 50 98 
-1 128 
-1 102 
111 105 53 114 
-1 128 99 
-1 47 37 116 
-1 128 135 41 
-1 114 
111 93 60 
111 102 60 
-1 128 87 129 
36 131 130 156 157 155 
155 139 86 
114 129 
-1 131 
-1 151 111 
36 50 
-1 50 
-1 93 
-1 174 55 
-1 139 111 102 107 
-1 138 135 128 
21 68 113 
-1 36 50 114 112 
-1 62 
-1 128 176 
-1 128 178 173 180 147 153 
-1 36 50 45 
-1 67 62 41 114 130 
-1 53 62 111 151 111 67 
133 87 128 
-1 60 
-1 45 75 28 75 
-1 105 53 138 114 130 
-1 53 62 111 67 62 
-1 111 
96 157 75 
139 138 99 145 140 138 
-1 30 139 114 96 
171 155 140 152 146 
133 30 
45 50 36 114 
155 171 
-1 139 114 152 114 171 
171 114 
-1 62 112 
86 156 
111 152 140 
-1 97 
-1 115 
111 102 
-1 53 62 
-1 155 
112 111 
-1 114 
171 53 111 
-1 112 111 
-1 41 62 112 
152 117 113 93 
-1 67 62 114 53 62 111 
-1 50 142 127 126 115 50 36 
128 168 95 168 55 67 62 53 
-1 110 147 95 180 111 
-1 86 
-1 135 87 128 
-1 114 
-1 36 132 87 128 55 105 
139 128 
139 130 
171 138 139 42 
-1 114 112 111 128 67 
-1 139 
128 176 91 
133 30 
74 59 91 
-1 30 
-1 141 62 67 55 
-1 167 105 48 81 51 73 114 
171 139 
-1 86 139 
