-1 84 70 84 51 84 
-1 166 
50 131 29 50 
-1 36 
-1 41 53 62 53 41 
41 53 62 67 168 110 152 
-1 115 
-1 69 39 92 71 167 62 134 50 142 127 126 79 78 69 78 52 115 50 36 41 36 50 127 126 79 
-1 69 78 52 115 
-1 69 
-1 69 78 52 115 127 
-1 50 126 79 78 69 
69 39 92 71 105 166 36 140 153 
-1 119 31 
131 36 144 89 82 
41 131 130 122 
41 89 50 36 152 166 71 89 
-1 167 
41 85 89 41 
41 36 152 
135 141 94 
-1 127 126 115 79 52 69 78 52 115 126 
-1 82 122 
-1 152 
152 147 
-1 147 74 70 57 119 84 74 84 
-1 29 131 
