-1 176 35 69 
-1 87 135 
-1 176 
-1 154 153 118 
-1 69 
97 178 143 
46 97 
-1 117 116 
-1 121 37 73 
-1 97 
143 91 
178 80 101 
143 60 73 81 145 
-1 55 61 118 
-1 15 
-1 178 97 60 
60 102 
-1 143 
-1 143 
-1 173 147 
-1 105 166 64 13 19 24 8 
-1 45 98 
178 32 
32 178 
-1 118 153 154 
143 141 42 29 
-1 130 141 
143 21 
-1 28 
169 95 
-1 21 
-1 21 
-1 97 146 106 146 37 68 
63 83 
178 99 135 
-1 178 
179 175 179 173 
-1 81 
175 55 
55 175 179 
-1 175 
-1 118 153 154 
179 173 143 118 
75 29 
173 179 175 
-1 175 
-1 154 
-1 97 
-1 118 
-1 15 
-1 163 
-1 118 80 101 80 
-1 118 
-1 163 
-1 35 
-1 179 175 
-1 73 58 127 126 115 81 73 
-1 26 37 
-1 143 
178 174 61 118 
-1 35 
-1 141 40 61 175 
-1 118 
-1 115 74 73 
143 175 55 175 179 177 
-1 178 
143 100 141 143 175 
-1 154 
-1 35 160 14 
143 178 174 163 141 99 53 135 143 173 179 
143 163 99 135 66 53 66 128 143 
-1 143 
-1 175 179 173 
-1 60 
-1 55 76 
-1 76 55 175 179 
143 32 83 143 
-1 93 60 
112 93 60 93 
-1 178 73 146 106 73 160 73 178 143 
-1 177 174 
-1 60 176 148 
-1 143 
143 180 179 175 179 180 
-1 73 84 81 73 51 81 128 
127 115 81 73 51 81 
160 143 35 91 143 173 179 
-1 93 60 
-1 154 118 40 174 173 
-1 93 60 
-1 128 143 
179 175 179 143 
-1 136 37 
153 80 
58 127 115 81 51 73 58 
