-1 94 
-1 86 
94 135 
-1 74 
163 141 177 173 179 175 
94 163 141 99 135 58 73 112 87 
94 141 112 58 73 
-1 145 107 112 93 48 70 84 70 84 112 
-1 112 102 145 
139 141 163 94 
163 135 
94 141 135 58 73 70 57 70 57 70 94 163 141 99 163 94 135 64 
163 141 122 46 112 93 70 58 
-1 70 135 129 122 135 99 
139 94 
163 145 67 
112 93 48 84 70 
-1 34 
163 145 112 93 70 
112 93 48 
-1 67 
-1 40 94 
-1 46 
-1 78 
70 84 
112 84 135 112 102 46 67 
41 99 141 163 94 
99 135 
84 70 
-1 119 70 51 81 48 
53 41 53 134 135 99 163 
112 58 73 
46 67 62 53 41 53 135 99 141 
163 99 135 
93 112 
-1 145 61 
140 29 
-1 174 177 180 179 175 
141 99 135 141 94 163 141 107 94 
-1 161 
161 53 99 
-1 94 
135 152 
70 84 
-1 34 
-1 112 102 
-1 141 
94 163 141 99 135 
-1 135 99 163 94 
93 112 102 122 135 99 
141 99 
-1 58 73 51 81 
-1 102 145 129 122 
40 141 99 135 84 70 
163 88 174 179 
141 99 
163 141 46 112 70 84 74 164 74 93 48 81 112 102 46 112 46 107 87 129 122 135 
135 141 94 
94 163 99 135 74 140 94 
94 141 99 129 93 48 81 84 70 84 112 70 57 78 57 70 84 74 112 
-1 40 
-1 163 94 163 99 141 163 
163 145 107 67 112 102 129 43 
43 112 
68 121 102 107 145 174 173 175 88 107 
135 94 
129 112 93 70 112 81 51 73 112 135 163 94 163 141 135 129 
-1 57 70 84 
99 46 112 163 94 141 135 
-1 70 73 58 84 
141 94 141 128 129 122 141 
94 163 141 99 135 141 163 94 163 141 135 167 166 36 142 
163 99 135 129 
93 70 
-1 58 112 46 107 69 43 
-1 141 163 94 
-1 70 
112 164 112 102 67 62 114 53 134 141 
163 141 135 41 74 84 70 
112 48 81 51 70 
-1 58 73 70 74 112 41 53 
163 99 114 112 102 112 
-1 48 105 112 102 107 
-1 53 135 163 94 90 94 163 107 
99 129 122 102 107 88 163 94 70 161 112 89 112 46 122 99 94 163 141 99 
166 127 126 166 167 102 46 70 112 
163 141 99 135 94 163 145 112 93 57 74 112 135 43 
135 99 
-1 107 174 
177 88 107 46 
93 70 
74 105 112 135 99 
163 107 
141 135 74 70 84 166 
164 127 126 71 112 
163 99 29 
127 45 
94 107 112 93 48 81 84 70 
-1 145 88 
163 99 67 107 46 
93 48 
-1 70 
102 107 122 
-1 141 
-1 129 
-1 93 
70 84 
-1 102 107 46 
94 163 94 
90 118 40 94 163 135 94 
88 174 179 175 177 174 
163 99 46 112 93 
81 51 73 
73 58 
-1 58 73 84 48 112 107 67 
163 135 
93 81 84 70 
163 99 
-1 81 84 70 112 102 46 107 
163 99 135 167 46 70 73 51 70 84 53 114 46 112 102 107 67 37 
163 145 107 32 
32 83 
-1 131 
53 135 99 163 
163 99 41 
-1 46 67 87 135 129 122 135 99 141 
46 112 73 112 60 
-1 70 
70 84 81 117 93 112 102 135 129 122 135 141 
94 118 61 90 
94 177 173 179 175 
70 120 84 81 112 
70 84 141 163 94 163 99 74 70 84 
163 145 107 46 112 43 69 43 166 50 112 36 50 45 
-1 135 99 163 
99 93 
51 81 112 93 70 84 135 122 46 135 129 122 
141 135 108 
163 141 99 122 108 135 141 163 88 122 
163 141 99 129 
39 43 112 102 
-1 102 122 135 99 
163 141 93 70 84 112 
163 141 99 
-1 81 84 74 112 129 122 135 
141 99 135 
112 84 70 112 142 89 144 71 50 45 112 102 46 107 145 129 122 
163 141 135 70 
88 174 177 175 61 
94 163 135 70 84 53 134 135 141 163 94 
163 99 112 48 81 70 84 117 93 112 
163 129 46 60 112 70 69 43 74 
-1 135 99 141 163 94 99 135 129 93 112 93 84 112 102 107 43 129 
163 107 177 179 175 177 88 107 145 88 
163 99 112 102 46 112 70 58 73 81 102 107 129 122 
99 41 53 112 70 84 135 122 135 141 
163 141 99 135 
-1 46 112 107 112 161 112 46 122 
-1 140 40 
179 175 179 173 177 145 107 88 
163 99 135 46 93 70 84 112 93 48 120 79 78 71 112 93 102 129 122 
163 99 122 135 99 
163 145 107 46 112 93 70 84 112 151 105 104 105 112 166 135 
163 141 99 
-1 82 
-1 145 
111 112 135 129 122 82 
40 163 141 129 135 
94 107 177 173 175 179 177 145 107 88 94 
141 122 112 70 93 112 70 99 163 94 40 
-1 163 
163 83 32 
99 135 112 70 84 93 112 46 107 145 88 163 94 163 122 135 99 141 163 
94 163 99 
163 145 107 67 112 84 70 84 112 70 84 112 135 122 135 
163 94 99 129 122 
107 145 173 180 179 175 107 145 88 141 129 122 138 
163 99 135 112 71 93 112 102 145 88 
163 129 122 135 99 141 163 
163 141 137 121 91 112 93 112 102 88 
163 141 99 129 46 112 70 84 158 84 74 135 43 135 163 141 122 163 
163 141 129 46 93 70 136 161 84 112 102 
163 99 122 82 135 
163 107 174 173 179 175 174 145 107 145 88 40 
94 41 141 
-1 118 28 
94 163 141 99 135 112 58 73 112 93 112 93 120 78 79 120 84 67 107 160 107 67 46 166 131 130 
163 112 120 78 79 112 113 137 70 84 112 102 177 173 179 175 177 88 107 88 94 
163 99 135 46 112 93 79 78 79 84 112 50 112 135 141 
163 141 99 122 121 37 73 43 69 
163 122 107 174 179 175 179 177 88 107 88 40 169 95 169 122 135 141 
163 141 99 46 112 70 112 102 107 67 84 81 112 93 58 73 81 46 112 93 60 102 122 
135 122 46 112 93 48 81 112 102 129 135 99 141 
163 141 135 112 69 43 129 122 135 141 
163 141 135 46 112 71 112 93 74 69 
94 163 141 99 129 122 135 99 141 94 99 122 
141 122 107 174 173 179 175 179 173 177 88 107 88 40 94 
141 99 135 129 46 112 93 112 70 84 70 107 112 102 145 88 
163 141 99 129 122 135 99 141 163 
163 141 129 46 112 43 78 57 70 84 31 167 164 102 129 122 135 
-1 49 154 118 40 94 
94 163 107 46 112 102 145 88 
163 99 122 29 67 62 41 70 48 81 
40 163 99 141 163 94 
163 88 145 107 46 112 93 70 58 112 93 70 78 135 
-1 87 62 87 76 107 67 112 37 68 102 
-1 46 58 84 37 112 135 129 122 135 163 61 76 
163 88 145 107 145 174 180 175 179 88 107 88 94 57 78 69 107 88 94 135 84 70 84 74 163 
163 141 99 122 46 112 93 70 84 112 34 59 31 166 131 46 112 
40 94 163 176 
-1 145 88 94 88 173 175 179 94 163 88 145 107 
-1 163 145 107 46 112 73 58 70 84 112 84 70 84 112 102 107 
163 145 107 112 120 79 78 79 112 135 99 
163 141 99 129 
163 141 99 129 46 112 102 46 48 84 70 84 112 166 167 60 145 88 163 141 
-1 122 112 91 176 102 46 145 122 163 94 163 129 122 135 141 163 94 99 129 122 
163 145 107 145 177 173 179 175 179 173 122 135 
-1 163 129 46 112 41 74 112 102 145 88 94 122 82 130 135 
163 141 99 135 129 46 112 70 84 112 48 70 84 112 102 107 46 129 122 135 
82 135 163 
-1 163 141 99 129 112 67 102 88 163 141 163 
163 141 99 129 46 93 70 78 46 112 102 88 94 163 141 122 135 163 94 
163 141 99 135 141 94 163 94 163 88 145 107 173 175 179 88 145 129 122 
163 99 122 135 99 94 163 88 83 
163 141 112 102 70 73 58 73 112 107 112 176 
94 163 141 129 122 46 112 93 84 70 84 112 84 102 145 88 163 141 99 135 163 
163 99 122 82 135 99 
163 129 135 112 37 112 93 112 34 102 129 122 
163 141 99 112 48 81 70 84 70 84 31 167 94 163 
94 163 99 129 122 107 145 180 179 175 177 174 88 145 88 94 163 122 75 154 
94 141 99 129 
122 135 99 141 94 122 163 140 94 163 141 99 129 107 46 51 84 135 141 94 163 
163 141 99 122 46 112 93 112 102 122 
135 122 82 141 
163 122 135 141 
-1 93 70 73 51 81 112 46 108 73 81 112 128 44 129 122 82 135 99 141 
-1 163 141 129 122 104 112 70 84 112 102 107 67 62 105 104 134 135 141 163 94 163 94 163 129 122 82 
163 141 129 122 69 94 163 141 129 135 
122 107 174 173 179 175 179 177 88 94 141 129 122 82 99 163 94 163 141 99 129 122 135 46 112 135 129 122 135 99 
99 129 46 102 112 93 73 58 73 84 112 102 107 88 94 141 135 99 163 
163 141 99 135 122 112 
122 135 141 
163 141 99 135 129 46 112 93 112 48 40 61 107 110 168 61 118 94 122 
163 173 175 179 174 88 122 
