-1 80 
-1 131 122 86 100 90 
-1 108 80 90 
-1 140 
152 74 73 
180 173 67 
90 38 
90 122 140 90 153 140 
-1 140 90 
90 153 140 152 53 134 135 163 118 
90 140 122 
122 45 50 152 90 
122 86 139 42 
-1 152 
90 140 122 152 41 
90 140 122 
140 153 
90 152 90 
90 140 
90 140 
140 90 
90 122 
152 90 
152 153 
90 140 122 
138 139 138 140 
122 140 
90 153 152 140 
-1 152 
-1 152 
122 140 153 90 
90 152 
-1 152 140 153 90 
90 140 
156 86 96 92 39 77 161 72 
33 140 123 133 123 49 
156 123 171 49 30 123 
171 123 133 123 140 161 47 72 33 
72 123 133 49 155 
156 100 123 30 123 
171 156 123 171 49 123 
