-1 108 75 157 
-1 157 
172 36 
172 157 
172 49 123 30 123 
156 30 123 133 123 133 171 
49 123 172 
123 133 123 49 
-1 171 172 49 123 128 160 129 30 49 172 49 96 36 146 126 127 50 
123 140 74 48 81 84 115 31 155 172 
-1 96 29 160 129 96 49 172 123 86 
123 86 96 39 108 42 
-1 155 30 123 86 96 92 77 39 42 
86 75 96 39 
-1 123 86 42 75 96 39 77 
133 86 96 39 108 75 123 133 30 123 140 152 161 72 33 
33 72 161 140 123 133 
-1 133 123 100 86 123 86 
171 123 
140 152 161 72 33 72 161 
123 172 
171 123 133 123 133 
156 123 156 
156 155 49 123 42 
-1 140 152 164 74 164 152 140 30 138 140 161 72 33 
33 152 140 
156 123 155 49 123 133 172 
156 123 133 123 42 30 123 100 171 49 123 160 
-1 138 131 126 115 31 166 
-1 172 49 96 157 
-1 29 50 142 127 126 115 120 119 70 73 74 164 152 140 42 
-1 160 129 123 171 172 
-1 123 172 171 172 
123 171 
-1 86 123 172 123 100 
123 155 
156 133 123 172 133 172 
123 172 
156 123 133 172 
-1 171 
-1 172 123 155 
-1 86 140 123 157 123 156 123 
123 156 
129 128 176 160 
-1 103 
123 133 
172 171 172 140 138 
123 140 152 68 
-1 126 115 
49 172 75 42 49 172 140 74 37 
172 123 
133 172 123 
-1 100 
123 133 172 
123 133 123 139 
-1 123 133 49 123 157 172 156 
156 123 30 
-1 123 157 
156 139 67 87 123 155 30 172 123 133 123 172 
171 123 157 
123 172 139 140 152 74 164 152 140 123 
-1 135 
172 123 86 
172 123 86 118 61 28 
-1 110 140 100 123 
123 172 123 157 
-1 98 129 123 133 123 172 96 45 142 115 64 115 126 127 50 45 96 172 155 123 
172 123 133 
-1 123 172 123 100 157 
-1 123 172 
-1 157 
30 123 
29 86 123 172 
-1 128 160 103 
-1 103 
-1 160 
-1 133 139 
96 75 140 99 87 62 105 104 105 62 99 42 96 172 96 75 42 138 
96 172 123 133 123 
172 123 
-1 31 166 130 80 
