-1 122 167 
-1 122 167 
-1 40 145 107 67 135 129 
107 67 135 129 
-1 82 166 
-1 82 166 
-1 122 104 135 129 50 89 
-1 145 36 122 
-1 129 82 122 
145 36 122 129 82 122 
-1 145 67 105 135 
-1 145 67 105 135 
-1 131 122 53 114 36 
-1 89 50 36 
67 105 
82 166 131 82 122 131 122 
88 145 122 36 131 130 
-1 50 89 
89 50 36 
-1 88 
-1 88 145 67 
-1 131 
145 107 67 105 135 129 82 122 
-1 82 53 41 36 50 
-1 50 36 
-1 92 
145 107 67 105 135 
-1 96 
-1 80 28 
67 105 135 
-1 88 
122 167 
-1 134 
-1 167 104 41 36 50 89 
-1 89 36 
107 67 105 135 129 
67 105 
-1 96 75 41 
-1 53 36 50 89 
-1 89 36 
-1 88 145 107 67 135 129 122 
87 62 67 
-1 50 122 82 131 
-1 82 
-1 131 122 
-1 36 135 89 36 
135 58 146 
145 107 67 105 135 
67 105 
-1 122 131 
164 135 104 135 50 89 
-1 40 
-1 167 
105 135 
-1 122 167 104 134 135 
-1 145 67 105 53 135 43 
67 105 
145 107 67 105 135 129 122 139 154 90 
-1 43 108 29 43 
-1 31 166 
-1 167 134 135 
145 36 
-1 36 50 
-1 167 104 
105 41 
139 154 75 42 122 167 
67 105 
107 104 
145 107 67 105 135 
122 114 43 
-1 114 130 
107 67 135 
145 129 122 
-1 82 
145 36 98 83 
-1 31 166 131 82 167 
145 122 
-1 43 
-1 83 
-1 87 99 141 99 135 
-1 62 122 145 122 82 
-1 50 
-1 138 140 131 82 122 
41 131 130 138 131 
-1 36 167 135 
-1 67 135 129 122 97 
129 67 62 67 
87 62 129 122 
67 87 
36 167 135 
-1 88 145 107 67 105 135 131 82 
-1 104 129 122 58 
-1 107 67 105 
-1 53 62 
129 122 107 67 62 131 82 167 166 71 
-1 145 107 67 105 
58 167 166 50 
145 107 67 105 104 135 82 131 
105 135 
122 96 42 
145 122 
41 131 
107 67 105 135 129 122 74 84 135 122 97 
-1 131 
-1 82 122 74 58 70 135 154 75 42 122 
67 105 
145 167 166 115 120 70 81 115 
-1 88 67 
-1 135 114 166 114 131 
70 58 53 
82 167 
67 105 
-1 122 
-1 139 122 167 104 71 
122 42 122 
-1 122 82 131 74 58 99 
-1 82 36 
-1 145 67 105 104 135 129 122 160 129 122 
82 105 104 122 
-1 129 122 131 82 
-1 58 135 122 
36 166 167 166 131 82 36 122 43 
-1 82 
