-1 140 153 110 
-1 61 118 99 
-1 78 43 
-1 110 139 99 87 62 105 48 81 
-1 61 118 154 96 30 
-1 61 30 
-1 140 153 90 110 
-1 61 135 99 75 29 
-1 169 61 118 96 133 
-1 168 61 118 96 138 140 
-1 172 139 
-1 61 118 40 163 139 140 153 110 
-1 110 86 140 110 
140 110 
-1 110 140 110 
110 152 114 152 50 
-1 168 110 140 172 
96 153 61 168 61 118 154 96 
-1 110 90 140 172 139 140 
-1 110 90 153 140 152 
133 139 140 
-1 61 118 40 
-1 110 
-1 140 110 
-1 110 140 172 
-1 96 108 75 140 90 110 
172 140 90 110 
-1 110 
-1 118 40 133 
-1 140 
-1 61 118 154 96 75 29 
-1 110 140 133 172 
-1 61 133 42 29 
-1 61 118 154 96 140 
-1 61 118 154 96 
86 140 
110 140 134 
147 180 166 45 98 
