-1 98 
-1 96 101 
-1 153 90 110 147 110 153 140 152 
152 140 153 131 
132 131 
-1 98 
-1 36 50 36 
-1 90 110 147 110 140 
-1 30 
-1 139 
50 82 131 132 130 
-1 96 75 
-1 131 31 
-1 96 75 142 105 104 105 50 45 75 42 138 
-1 50 142 127 126 50 96 49 
132 130 
-1 50 36 
-1 132 130 140 153 90 147 153 154 
-1 75 138 99 135 99 140 138 
132 131 132 138 
-1 138 
-1 138 
-1 166 31 166 96 
132 130 42 
-1 140 
-1 139 50 
-1 131 132 
-1 140 152 74 152 140 138 
-1 86 
-1 139 
-1 138 167 131 166 62 132 
-1 138 
131 132 
-1 138 132 166 50 
132 130 
-1 96 99 66 134 135 99 140 96 
