114 111 
-1 138 62 
-1 140 134 99 140 171 
123 157 156 111 
-1 60 
30 86 
156 155 30 156 
-1 112 
-1 105 60 
60 93 111 105 53 41 
155 114 
-1 50 
-1 129 
155 140 74 63 25 
-1 25 
25 83 63 72 161 128 
-1 114 41 111 
-1 114 50 142 127 126 31 
-1 129 
-1 180 95 110 90 140 152 
-1 132 
-1 155 
-1 41 111 151 
156 157 156 
156 155 
155 139 
-1 138 86 139 
156 131 130 75 109 
-1 138 135 128 111 93 
-1 93 151 111 87 41 130 
-1 155 
98 50 
-1 86 111 
-1 62 
-1 131 
-1 112 35 91 128 105 
-1 41 105 111 128 97 128 105 
-1 131 
-1 157 155 131 
50 156 114 
-1 140 152 164 73 37 
21 33 37 
-1 157 
156 139 
-1 130 86 
140 62 
-1 114 111 128 
-1 155 171 
-1 114 47 37 116 59 
-1 86 138 
-1 86 
138 140 87 128 
-1 139 41 53 62 112 111 93 
-1 111 102 60 93 128 
50 130 
114 131 
129 86 131 
130 59 111 
36 50 
111 93 111 
114 111 128 
-1 53 62 112 102 
114 139 111 102 107 
-1 135 128 
152 37 21 
21 68 113 
-1 50 
135 128 
155 114 
-1 86 
152 74 70 
41 53 62 45 
-1 129 86 156 171 
-1 36 115 
53 62 67 102 111 116 117 111 
114 36 50 
62 67 59 117 
-1 130 171 30 96 29 131 
-1 157 
-1 53 62 111 151 111 67 
133 87 128 
-1 60 
-1 45 75 28 75 
-1 105 53 138 114 130 
-1 53 62 111 67 62 
-1 111 
96 157 75 
-1 138 99 140 
-1 30 139 114 96 
171 155 140 152 146 
133 30 
45 50 36 114 
155 171 
-1 139 114 152 114 171 
171 114 
86 156 
-1 97 
-1 115 
-1 53 62 
-1 155 
112 111 
-1 114 
171 53 111 
-1 112 111 
-1 41 62 
152 117 113 93 
-1 67 62 114 53 62 111 
-1 50 142 127 126 115 50 36 
-1 114 
168 110 95 180 111 
-1 86 
-1 135 87 128 
-1 36 132 87 128 55 105 
139 128 
139 130 
-1 138 139 42 
-1 112 111 128 67 
-1 139 
133 30 
-1 30 
-1 141 62 
-1 105 48 81 51 114 
171 139 
-1 86 139 
