165 50 114 152 180 177 
160 103 
-1 18 
136 73 161 137 
114 165 64 
13 64 106 146 113 
161 162 
-1 45 50 142 
161 162 
137 136 
-1 50 
-1 167 
-1 135 
137 46 
51 81 117 
-1 71 137 
98 142 
-1 113 
162 161 47 161 162 
-1 37 162 
137 136 162 
-1 161 162 
136 162 
136 162 
161 162 136 
165 50 
137 162 
137 136 
137 136 
161 162 
137 136 
114 165 113 
114 131 130 29 98 165 164 165 164 
-1 162 
-1 116 81 84 120 84 81 117 
114 113 
137 136 162 161 
137 161 162 136 137 
-1 167 
-1 73 58 146 
137 143 178 
137 162 161 146 
161 162 
-1 165 113 
136 162 161 137 71 92 71 113 
137 136 
162 73 46 88 
-1 92 71 
136 162 
137 73 84 
137 113 46 88 
137 113 
137 113 152 164 74 
137 148 176 170 105 164 
137 136 162 161 
41 165 
162 161 
137 136 162 74 152 114 167 165 
137 136 161 
137 113 
-1 64 58 161 
137 113 
137 148 170 
161 162 
162 136 137 113 
121 37 
114 41 165 
41 165 105 
-1 148 176 137 
161 162 
-1 161 
161 162 136 162 
137 162 161 
137 121 58 73 
-1 167 105 104 105 
-1 165 113 
137 91 35 143 178 143 35 91 
-1 176 148 162 
-1 113 
-1 161 162 136 137 136 
-1 68 161 136 
-1 35 143 178 
165 167 
137 113 
161 162 
161 162 137 
137 161 162 137 136 162 73 162 
-1 162 
161 162 
-1 161 
-1 137 
137 162 
137 136 
114 165 
137 162 73 162 
165 137 
164 152 167 165 113 137 
-1 113 
137 162 161 162 
162 136 137 136 162 161 
161 162 137 
136 162 161 
137 113 117 48 73 
137 113 
137 162 164 114 
137 160 
-1 3 
-1 160 
137 53 167 73 161 162 
114 167 113 
136 162 
-1 41 121 
137 113 
161 162 
137 114 161 
136 162 
161 162 
137 113 114 
136 162 
162 161 137 53 
136 162 
161 162 
137 148 91 148 135 
136 162 
137 136 
137 128 117 113 
136 162 81 115 126 127 50 36 
136 162 115 105 
162 137 
137 176 137 136 
113 137 
136 162 68 
-1 114 167 
137 148 
137 136 162 161 121 162 136 
-1 178 113 162 136 
137 114 
137 113 61 55 76 55 118 48 46 107 
137 47 162 136 
137 113 117 102 137 176 
137 176 137 
137 113 137 
137 162 121 64 73 37 161 162 
137 152 73 
137 136 162 161 121 68 
137 152 
137 148 
-1 137 
-1 137 136 162 
137 152 164 152 137 148 170 176 137 
137 148 137 148 
137 152 164 114 148 
137 136 137 148 
137 136 162 73 
137 50 68 137 113 117 
137 50 
137 128 
-1 148 137 148 176 
-1 128 97 75 89 144 71 115 36 
137 35 137 
-1 137 73 51 81 116 117 
-1 176 148 
137 148 
137 113 
137 148 
137 136 161 
-1 148 176 
137 148 60 176 148 176 
137 117 116 60 116 113 
136 162 
-1 148 170 
137 117 74 152 41 113 
137 136 162 113 137 
137 148 170 176 148 
162 176 
137 136 162 161 
68 121 161 162 
137 121 
68 121 161 
162 161 
68 121 
-1 121 
68 121 162 
121 68 162 
137 162 
68 121 
-1 136 
-1 121 
32 63 161 
-1 148 170 176 137 
-1 136 137 
-1 136 
-1 148 176 148 170 148 176 
-1 136 
-1 137 
136 121 148 128 35 91 68 162 136 137 162 
-1 161 162 
-1 148 73 74 117 113 
-1 148 170 
137 128 97 128 
-1 148 
-1 148 176 137 
-1 117 
162 64 137 148 
137 136 
-1 136 
-1 136 
148 91 
-1 136 
-1 148 170 176 148 
-1 162 117 
-1 137 148 
170 35 148 91 
-1 65 143 
-1 148 
-1 91 35 91 
128 102 
-1 150 
91 48 126 114 
176 53 176 
176 150 
149 150 
149 150 
149 150 
-1 170 
170 35 
-1 35 
-1 35 
-1 91 
-1 35 
35 91 
35 170 176 
170 35 143 173 95 180 148 170 35 150 
-1 35 
137 113 148 
-1 73 
-1 170 91 71 
-1 120 74 127 114 
-1 64 58 73 106 58 73 51 
-1 35 
-1 35 
-1 35 
-1 35 
143 173 180 95 147 110 152 
-1 145 97 
176 160 11 
-1 11 
11 148 
-1 61 
170 176 74 
170 176 150 
143 80 101 135 
170 34 
176 148 170 176 66 
-1 113 
176 150 114 131 
-1 170 
170 176 
170 176 149 
170 35 143 178 61 76 
-1 76 61 118 
-1 143 
-1 91 35 91 
149 150 
149 150 
170 149 131 143 148 91 
-1 91 
149 148 
149 150 
148 91 
-1 53 
176 116 
-1 143 179 175 55 175 179 180 173 143 
149 170 
170 176 
162 136 
170 176 
170 176 
149 150 
170 176 
135 50 142 176 
170 176 150 
149 150 176 148 
148 176 150 
176 161 
149 150 
170 176 150 
149 150 
176 121 73 43 58 106 89 50 89 71 31 120 119 58 106 146 
-1 170 176 
143 32 25 
-1 20 
20 25 32 91 
149 150 
-1 117 113 
-1 143 180 179 173 178 143 178 97 
-1 177 68 
149 150 
148 170 176 
149 148 
149 170 148 
148 150 91 
-1 48 81 
-1 148 
170 176 
176 150 
-1 35 91 35 
170 176 
176 150 
59 93 
-1 60 176 
-1 149 
-1 97 176 128 97 
176 37 73 
170 176 
91 128 59 37 
-1 161 
176 91 
170 176 68 
170 176 
170 176 
170 176 148 170 148 
-1 2 
176 150 91 
170 176 
170 176 
170 176 149 150 
-1 149 150 
170 176 
176 91 35 148 91 
148 91 
170 176 
149 170 
149 150 
149 170 
176 6 
6 148 
170 176 
-1 176 150 149 150 176 
170 176 
170 176 
-1 35 
170 176 
-1 121 113 117 116 117 113 
170 176 
170 176 121 84 74 31 
-1 37 
-1 91 35 
176 128 59 73 164 152 105 
149 150 148 
-1 91 
-1 64 170 91 35 
-1 176 117 116 
170 176 
149 150 
176 113 150 149 176 121 148 121 
149 148 
170 176 
149 150 170 148 170 148 170 148 
149 150 
36 50 85 
149 148 
176 18 
121 68 121 117 113 
143 40 118 154 
102 60 
170 176 121 37 
-1 148 178 
-1 85 176 
148 170 91 
95 180 
170 176 5 
-1 85 
-1 118 
121 47 121 149 
149 150 
176 76 17 
-1 50 
149 150 
170 176 
170 176 
-1 64 73 121 148 
176 37 146 106 
149 150 
-1 108 
-1 148 64 89 85 
-1 116 117 113 121 
148 176 
-1 91 
149 150 
149 150 
150 170 
170 176 
176 113 
143 87 97 174 143 
148 170 176 
121 91 
176 148 
170 176 
176 117 
-1 35 91 
-1 91 
149 176 
150 176 170 
149 150 
170 150 
149 150 
-1 91 
178 143 35 
170 35 143 
170 176 
-1 2 1 
-1 143 35 
170 35 
-1 143 
143 35 
-1 35 148 
170 176 
170 35 
143 35 
143 35 
143 35 
-1 35 
170 35 143 35 
143 35 
-1 91 
143 35 
170 35 
143 35 
143 35 
143 35 
-1 176 121 
143 35 
178 177 174 
-1 5 
-1 35 
-1 35 
-1 35 
-1 143 
-1 35 
-1 143 35 
170 35 
-1 35 
148 176 150 
173 178 
143 35 
-1 35 
143 35 
143 35 
176 113 
150 149 
135 54 
170 18 
143 35 148 
143 35 
143 35 
170 35 
-1 91 
150 176 
176 18 
170 91 35 
-1 23 
23 19 
-1 170 148 91 35 
176 150 
-1 176 
149 176 
170 176 
-1 103 
-1 88 
91 148 170 176 
-1 150 
-1 176 160 18 
170 176 
170 176 
148 176 
170 148 91 35 91 
-1 121 
170 176 
170 176 
170 176 
143 102 
-1 64 146 37 121 
91 35 143 
91 170 148 
170 176 150 149 148 
170 176 
-1 73 51 
176 121 91 
170 176 
176 35 
160 8 
8 7 
-1 35 176 149 
170 176 
-1 52 71 89 113 137 149 176 170 
170 176 60 
-1 176 
148 170 176 
170 176 
-1 91 
