136 162 37 
160 15 
160 16 
-1 18 
9 64 54 
-1 26 
142 115 74 
26 158 37 164 
-1 75 29 50 113 136 
-1 26 
-1 140 153 90 110 147 95 180 9 
140 152 164 74 26 
26 129 
26 58 74 164 
152 106 
-1 106 
152 164 
-1 58 164 
152 26 
-1 58 
58 26 
26 164 
152 164 74 
9 14 
14 160 
14 160 
-1 58 
152 164 26 
-1 58 
140 152 164 58 
164 58 26 
26 164 
26 58 164 152 
-1 58 
152 164 26 
26 58 164 
140 152 164 84 
-1 162 
164 120 57 54 
-1 58 164 140 86 141 55 
55 141 
152 26 
152 74 58 
26 165 
140 152 164 74 37 16 103 
140 164 58 26 
74 76 
75 29 98 50 71 64 
74 37 
-1 129 
-1 61 
-1 55 
140 74 84 
-1 58 74 
-1 36 45 50 
26 58 
74 55 63 
140 58 
26 58 
140 153 76 
140 152 164 74 
