153 
116 
138 
138 
116 
8 
116 
50 
99 110 119 
113 
50 
8 
120 123 
116 
19 21 
106 115 
115 
115 116 
115 
116 
116 
52 
116 
114 
52 112 
3 16 18 20 21 51 52 
117 120 
99 109 110 119 
112 
115 116 
114 115 116 
50 
93 95 96 
153 
116 
116 
112 
20 21 
112 113 114 115 116 117 121 
114 
21 
115 
121 
115 
115 
92 
113 
113 
123 
127 128 129 
116 
52 
116 
115 
114 116 
112 113 
138 
112 
128 129 
116 
112 114 115 
120 
52 
61 
129 
116 
115 116 132 
116 
118 
62 
132 
148 153 
127 129 
112 
115 116 
116 122 
148 153 
52 
112 
116 
116 
114 115 116 
116 
115 
114 
52 123 
115 
113 
22 50 51 52 112 113 
112 
116 
114 115 116 
116 
116 122 
119 
77 115 
50 89 92 113 115 116 
50 112 
115 
118 
120 
113 
116 
116 
115 
116 
112 113 
115 
113 115 116 
117 120 
116 
130 
115 
114 
112 123 
56 57 76 99 114 115 119 
76 97 114 115 119 
120 123 127 
112 
115 122 
50 96 97 
127 129 
114 115 116 118 
112 114 115 117 120 148 
113 
112 134 
114 115 
123 127 
127 
112 113 
138 
113 
115 116 118 122 123 
132 
120 
127 128 129 
129 
129 
129 
115 120 
110 111 112 122 
127 
127 128 129 
100 124 
131 
109 110 113 119 120 
129 131 
129 
112 
116 
129 
127 129 
112 113 119 
115 
129 
24 83 88 110 111 112 113 119 
111 112 113 114 115 
128 129 
127 
116 
118 122 
118 122 
116 
122 
122 
118 122 
115 
122 
117 
118 
128 129 
114 117 
117 
128 129 
117 
117 
123 
131 132 
122 
92 96 97 110 111 112 129 
128 129 
73 100 
129 
120 
129 138 
114 
117 
117 
130 
117 
129 
117 120 
131 
154 
132 
111 120 
127 
127 
88 130 132 
127 
127 
127 
127 
126 
126 127 
128 
131 
132 
131 
128 131 
129 131 144 149 150 153 
129 
132 
77 78 83 
138 
150 153 
129 
132 
127 
128 
127 128 
129 
153 
128 
129 
123 
21 126 127 
128 
128 
128 153 
153 
102 134 
153 
131 132 153 
126 
127 
127 
130 153 
132 
127 129 
126 
130 
71 74 84 153 
127 
127 132 
127 
152 153 
128 
127 
128 
115 
128 
128 
126 
128 
127 
8 47 82 127 
127 
128 
129 
129 
127 
126 
128 
126 
132 
96 97 118 127 138 143 
128 132 
127 
126 127 
127 
112 
151 153 
106 120 122 147 
127 
129 
129 
129 
127 129 130 
99 132 
129 
128 
127 
131 
128 
127 
72 
119 127 
125 
100 127 
97 106 127 
128 
132 
128 
130 
127 128 
128 
128 
127 
128 129 
127 130 
128 
128 
127 128 
127 
126 
127 
128 
127 
131 132 
130 
128 
128 
126 
128 
153 
128 
126 127 
128 
128 
128 
111 112 117 118 119 
128 
105 118 127 128 
106 
131 
72 73 89 90 92 127 
129 
130 131 138 
127 
128 
126 127 
129 
129 
136 
97 128 
97 127 128 
126 127 128 129 
126 
27 
127 129 
117 118 120 122 
153 
127 
75 
118 127 128 132 
148 
127 
127 
130 
150 153 
128 
127 
126 
27 
126 
128 
128 
118 129 138 
95 106 127 
127 
127 
127 
129 138 
110 111 112 117 118 136 
127 129 
130 
126 
126 
128 
128 
127 
127 
127 
127 
100 146 153 
129 
130 
127 
129 
128 
111 127 
132 
127 
132 
127 
128 
126 
127 
128 
126 
130 131 
148 153 
153 
128 
153 
131 
153 
132 
128 
131 
153 
153 
153 
153 
153 
153 
131 
153 
153 
153 
127 
153 
153 
147 148 
153 
131 
127 129 
149 
153 
153 
153 
112 127 
126 
91 
131 153 
153 
153 
131 
132 
127 
131 
131 
127 
127 
127 
127 
128 
127 128 129 130 
127 
128 
128 
129 
131 
122 
128 
128 
128 
153 
106 118 138 
131 153 
130 132 
127 
127 128 129 
128 
96 97 98 119 
118 127 130 
97 127 
128 
131 
127 128 131 
128 
125 127 128 
127 128 
128 129 
128 
127 
132 

