total lines:468
9	5 
13	20 
21	21 
10	50 
16	52 
13	73 
20	92 
10	92 96 
19	96 
14	96 97 
26	97 
11	106 
18	110 
11	110 111 
10	110 111 112 
11	110 112 
35	111 
26	111 112 
10	111 127 
42	112 
11	112 113 
58	113 
24	113 114 
14	113 114 115 
9	113 114 115 116 
11	113 114 116 
23	113 115 
14	113 115 116 
16	113 116 
52	114 
34	114 115 
13	114 115 116 
17	114 116 
13	114 117 
75	115 
39	115 116 
9	115 122 
47	116 
33	117 
9	117 118 
9	117 120 
28	118 
10	118 122 
11	119 
15	120 
21	122 
13	123 
63	125 
29	125 126 
13	125 126 127 
44	125 127 
11	125 127 128 
9	125 127 129 
11	125 128 
11	125 129 
53	126 
34	126 127 
10	126 128 
9	126 129 
178	127 
78	127 128 
19	127 128 129 
44	127 129 
9	127 130 
103	128 
26	128 129 
11	128 130 
18	128 131 
66	129 
14	129 130 
40	130 
15	130 131 
17	130 132 
51	131 
28	131 153 
27	132 
11	138 
11	148 
44	153 
