5 21 22 52 147 148 150 153 
92 96 97 114 116 
21 52 138 
94 95 96 97 112 138 
115 116 
4 5 8 
115 116 
20 50 
98 99 110 119 
28 113 
19 50 
3 8 
97 112 117 120 123 
115 116 
7 8 19 21 
97 106 115 
114 115 
97 115 116 
114 115 
114 115 116 
115 116 
5 52 
115 116 
113 114 
21 52 112 
2 3 16 18 20 21 51 52 
115 117 120 
78 82 99 109 110 119 
21 112 
113 114 115 116 
113 114 115 116 
20 50 
92 93 95 96 
148 153 
95 96 113 115 116 
115 116 
52 112 
19 20 21 
28 112 113 114 115 116 117 121 
113 114 
20 21 
64 86 92 115 
28 90 96 97 121 
97 115 
114 115 
82 89 92 
64 86 112 113 
51 77 83 112 113 
52 123 
51 61 113 127 128 129 
113 114 115 116 
24 52 
115 116 
20 21 22 50 52 77 83 113 114 115 
113 114 116 
111 112 113 
93 116 138 
111 112 
113 128 129 
115 116 
111 112 114 115 
97 106 118 120 
21 24 52 
24 52 61 
127 129 
115 116 
114 115 116 132 
115 116 
92 93 113 118 
20 50 61 62 
20 52 112 123 132 
130 131 132 148 153 
115 127 129 
111 112 
113 114 115 116 
114 116 122 
131 132 148 153 
50 52 
111 112 
115 116 
115 116 
92 96 114 115 116 
115 116 
113 115 
113 114 
21 52 123 
92 113 115 
52 113 
20 22 50 51 52 112 113 
111 112 
113 115 116 
113 114 115 116 
115 116 
114 115 116 122 
88 92 110 112 119 
21 51 77 115 
20 29 50 89 92 113 115 116 
21 50 112 
114 115 
20 24 117 118 
115 120 
111 112 113 
115 116 
21 116 
114 115 
115 116 
21 112 113 
114 115 
29 113 115 116 
114 115 117 120 
115 116 
47 113 129 130 
114 115 
113 114 
67 73 110 111 112 123 
5 8 10 20 56 57 76 99 114 115 119 
61 76 97 114 115 119 
73 113 114 117 120 123 127 
111 112 
114 115 122 
21 50 96 97 
111 113 127 129 
113 114 115 116 118 
90 111 112 114 115 117 120 148 
21 113 
63 64 88 102 112 134 
113 114 115 
66 110 111 112 123 127 
113 127 
111 112 113 
92 96 97 106 113 115 116 118 138 
92 113 
113 114 115 116 118 122 123 
113 132 
97 113 114 115 117 120 
22 51 111 127 128 129 
113 129 
21 51 129 
113 114 117 129 
89 92 96 97 113 114 115 120 
5 110 111 112 122 
73 127 
113 127 128 129 
2 6 8 10 11 12 28 73 76 100 124 
123 131 
92 96 98 99 109 110 113 119 120 
127 129 131 
127 129 
111 112 
113 114 116 
127 129 
75 127 129 
75 109 110 111 112 113 119 
114 115 
128 129 
20 24 83 88 110 111 112 113 119 
77 111 112 113 114 115 
127 128 129 
115 122 127 
113 114 115 116 
115 116 118 122 
115 116 118 122 
115 116 
118 122 
115 118 122 
115 118 122 
113 115 
118 122 
114 117 
117 118 
127 128 129 
113 114 117 
114 117 
127 128 129 
114 117 
113 117 
113 123 
73 114 115 118 122 127 129 130 131 132 
116 122 
83 92 96 97 110 111 112 129 
127 128 129 
67 73 100 
127 129 
110 117 120 
96 113 115 129 138 
113 114 
114 117 
114 117 
129 130 
114 117 
127 128 129 
110 115 117 120 
128 129 130 131 
153 154 
130 132 
66 73 111 120 
126 127 
126 127 
21 57 69 88 130 132 
29 122 127 
126 127 
125 126 127 
125 127 
125 126 
125 126 127 
127 128 
128 131 
111 130 132 
130 131 
127 128 131 
126 128 129 131 144 149 150 153 
111 112 129 
28 128 130 132 
21 56 77 78 83 
92 93 94 98 138 
139 142 144 149 150 153 
127 129 
127 132 
126 127 
83 127 128 
126 127 128 
127 129 
15 47 153 
71 128 
26 127 128 129 
112 123 
18 21 126 127 
127 128 
127 128 
125 127 128 153 
128 131 134 148 153 
101 102 134 
132 153 
130 131 132 153 
125 126 
125 127 
125 127 
18 125 127 128 129 130 153 
130 132 
125 127 129 
125 126 
129 130 
29 69 71 74 84 153 
125 127 
111 127 132 
109 111 127 
149 150 151 152 153 
125 127 128 
126 127 
127 128 
114 115 
127 128 
127 128 
125 126 
127 128 
125 127 
5 8 47 82 127 
122 127 
126 127 128 
125 126 127 129 
126 127 129 
116 117 127 
125 126 
126 127 128 
125 126 
130 132 
5 12 28 58 78 79 89 92 93 94 95 96 97 118 127 138 143 
127 128 132 
125 127 
125 126 127 
125 127 
110 111 112 
100 148 149 150 151 153 
97 106 120 122 147 
125 126 127 
127 128 129 
125 129 
125 127 128 129 
126 127 129 130 
88 99 132 
127 129 
127 128 
126 127 
130 131 
127 128 
126 127 
69 70 72 
75 119 127 
117 125 
73 100 127 
92 97 106 127 
127 128 
71 72 73 106 130 132 
127 128 
123 127 130 
111 122 127 128 
127 128 
127 128 
125 127 
127 128 129 
126 127 130 
127 128 
127 128 
125 126 127 128 
126 127 
125 126 
126 127 
127 128 
126 127 
127 129 130 131 132 
129 130 
127 128 
125 127 128 
125 126 
125 127 128 
111 153 
127 128 
125 126 127 
127 128 
127 128 
127 128 
109 110 111 112 117 118 119 
127 128 
58 82 83 89 105 118 127 128 
97 106 
130 131 
51 61 67 72 73 89 90 92 127 
125 126 127 129 
89 128 130 131 138 
109 110 127 
127 128 
125 126 127 
111 112 117 118 125 126 127 129 
125 129 
128 136 
76 88 90 96 97 128 
96 97 127 128 
125 126 127 128 129 
125 126 
5 10 27 
125 127 129 
110 111 112 117 118 120 122 
101 102 103 153 
125 127 
66 75 
97 106 118 127 128 132 
73 74 127 129 148 
125 127 
27 127 
128 129 130 
144 150 153 
127 128 
118 125 127 
125 126 
5 27 
125 126 
127 128 
127 128 
92 96 97 117 118 129 138 
94 95 106 127 
125 126 127 
125 127 
0 27 127 
12 27 129 138 
81 89 97 106 109 110 111 112 117 118 136 
117 127 129 
73 74 130 
125 126 
125 126 
126 128 
127 128 
125 127 
117 127 
117 127 
111 112 127 
73 84 100 146 153 
127 128 129 
117 118 130 
125 127 
127 129 
127 128 
110 111 127 
130 131 132 
125 127 
130 132 
125 127 
126 127 128 
125 126 
125 127 
126 128 
125 126 
128 130 131 
131 148 153 
128 131 153 
127 128 
131 153 
128 131 
131 153 
130 132 
127 128 
128 131 
131 153 
131 153 
131 153 
128 131 153 
131 153 
131 153 
128 131 
131 153 
131 153 
131 153 
118 127 
131 153 
131 153 
146 147 148 
131 153 
128 131 
126 127 129 
148 149 
131 153 
131 153 
131 153 
111 112 127 
125 126 
47 77 91 
129 131 153 
131 153 
131 153 
128 131 
130 132 
126 127 
128 130 131 
128 129 130 131 
126 127 
125 127 
123 127 
125 127 
127 128 
96 97 127 128 129 130 
125 127 
127 128 
127 128 
127 129 
128 129 130 131 
118 122 
127 128 
127 128 
127 128 
66 153 
95 106 118 138 
130 131 153 
127 128 129 130 132 
117 127 
125 126 127 128 129 
127 128 
92 96 97 98 119 
117 118 127 130 
96 97 127 
127 128 
122 127 131 
125 127 128 131 
127 128 
12 28 107 108 112 125 127 128 
75 127 128 
127 128 129 
127 128 
125 127 
130 132 
