0.020000 182 73 0.401099 0.952880 0.000000
0.020000 182 73 0.401099 0.952880 0.050000
0.020000 182 73 0.401099 0.952880 0.100000
0.020000 182 73 0.401099 0.952880 0.150000
0.020000 182 73 0.401099 0.952880 0.200000
0.020000 182 73 0.401099 0.952880 0.250000
0.020000 182 73 0.401099 0.952880 0.300000
0.020000 179 71 0.396648 0.937173 0.350000
0.020000 154 67 0.435065 0.806283 0.400000
0.020000 152 66 0.434211 0.795812 0.450000
0.020000 152 66 0.434211 0.795812 0.500000
0.020000 143 62 0.433566 0.748691 0.550000
0.020000 128 57 0.445313 0.670157 0.600000
0.020000 128 57 0.445313 0.670157 0.650000
0.020000 120 52 0.433333 0.628272 0.700000
0.020000 104 41 0.394231 0.544503 0.750000
0.020000 103 41 0.398058 0.539267 0.800000
0.020000 103 41 0.398058 0.539267 0.850000
0.020000 103 41 0.398058 0.539267 0.900000
0.020000 103 41 0.398058 0.539267 0.950000