0.000000 157 80 0.509554 0.839572 0.200000
0.010000 157 80 0.509554 0.839572 0.200000
0.020000 150 75 0.500000 0.802139 0.200000
0.030000 138 69 0.500000 0.737968 0.200000
0.040000 130 64 0.492308 0.695187 0.200000
0.050000 122 59 0.483607 0.652406 0.200000
0.060000 94 44 0.468085 0.502674 0.200000
0.070000 88 39 0.443182 0.470588 0.200000
0.080000 88 39 0.443182 0.470588 0.200000
0.090000 88 39 0.443182 0.470588 0.200000
0.100000 63 24 0.380952 0.336898 0.200000
0.110000 0 0 0.000000 0.000000 0.200000
0.120000 0 0 0.000000 0.000000 0.200000
0.130000 0 0 0.000000 0.000000 0.200000
0.140000 0 0 0.000000 0.000000 0.200000
0.150000 0 0 0.000000 0.000000 0.200000
0.160000 0 0 0.000000 0.000000 0.200000
0.170000 0 0 0.000000 0.000000 0.200000
0.180000 0 0 0.000000 0.000000 0.200000
0.190000 0 0 0.000000 0.000000 0.200000
