total lines:202
76	-1 
17	-1 34 
5	-1 34 59 
19	-1 44 
5	-1 44 151 
20	-1 59 
7	-1 59 34 
8	-1 59 151 
12	-1 93 
6	-1 93 151 
9	-1 111 
5	-1 111 151 
8	-1 116 
5	-1 116 59 
21	-1 128 
7	-1 128 44 
38	-1 151 
10	-1 151 44 
8	-1 151 59 
7	-1 151 128 
5	-1 151 151 
5	29 
45	34 
5	34 44 
17	34 59 
6	34 59 59 
6	34 59 116 
7	34 59 151 
8	34 116 
16	34 151 
7	37 
80	44 
10	44 34 
15	44 44 
13	44 59 
6	44 59 34 
6	44 64 
6	44 97 
7	44 111 
9	44 116 
5	44 116 34 
39	44 128 
6	44 128 34 
9	44 128 44 
8	44 128 59 
6	44 128 116 
8	44 128 151 
21	44 151 
5	44 151 44 
6	44 151 151 
8	50 
5	51 
6	54 
71	59 
19	59 34 
8	59 34 151 
6	59 37 
12	59 44 
12	59 59 
5	59 93 
5	59 111 
6	59 113 
17	59 116 
8	59 116 59 
6	59 116 116 
6	59 117 
5	59 117 113 
7	59 128 
28	59 151 
5	59 151 44 
7	64 
7	75 
5	81 
5	92 
25	93 
8	93 44 
12	93 151 
8	96 
11	97 
7	105 
33	111 
6	111 59 
5	111 116 
16	111 151 
5	111 151 59 
8	113 
6	113 59 
5	113 116 
5	113 151 
40	116 
13	116 34 
6	116 34 151 
5	116 44 
23	116 59 
9	116 59 34 
5	116 59 34 151 
10	116 59 151 
5	116 111 
6	116 116 
13	116 151 
6	117 
5	117 113 
5	118 
78	128 
12	128 34 
7	128 34 59 
5	128 37 
23	128 44 
5	128 44 44 
7	128 44 128 
5	128 44 151 
20	128 59 
5	128 59 37 
5	128 59 44 
5	128 59 59 
9	128 59 116 
6	128 93 
5	128 97 
13	128 116 
6	128 116 59 
11	128 128 
7	128 128 44 
18	128 151 
5	128 151 59 
5	135 
105	151 
14	151 34 
5	151 34 59 
5	151 34 151 
23	151 44 
6	151 44 128 
31	151 59 
8	151 59 34 
5	151 59 44 
11	151 59 151 
9	151 93 
5	151 93 151 
12	151 111 
14	151 116 
8	151 116 59 
7	151 116 151 
18	151 128 
7	151 128 44 
28	151 151 
6	151 151 44 
7	151 151 59 
7	154 
