total lines:68
49	-1 
6	-1 29 
2	-1 29 39 
2	-1 29 61 
2	-1 29 75 
2	-1 29 75 153 
2	-1 29 122 
2	-1 29 122 153 
5	-1 29 153 
2	-1 29 153 61 
4	-1 38 
2	-1 38 51 
2	-1 38 51 81 
2	-1 38 73 
2	-1 38 73 51 
2	-1 38 73 51 81 
2	-1 38 73 81 
2	-1 38 81 
2	-1 39 
3	-1 40 
2	-1 40 118 
2	-1 45 
2	-1 49 
2	-1 50 
2	-1 51 
2	-1 51 81 
2	-1 52 
2	-1 52 78 
3	-1 55 
17	-1 61 
3	-1 61 55 
3	-1 61 61 
2	-1 61 61 153 
3	-1 61 63 
2	-1 61 76 
5	-1 61 153 
5	-1 63 
2	-1 63 154 
2	-1 67 
2	-1 67 38 
3	-1 69 
2	-1 69 75 
2	-1 73 
2	-1 73 51 
2	-1 73 51 81 
2	-1 73 81 
8	-1 75 
2	-1 75 29 
2	-1 75 29 153 
2	-1 75 55 
2	-1 75 61 
2	-1 75 61 55 
2	-1 75 118 
5	-1 75 153 
2	-1 76 
2	-1 78 
3	-1 80 
2	-1 81 
2	-1 83 
2	-1 86 
2	-1 86 75 
3	-1 90 
3	-1 96 
2	-1 115 
2	-1 115 52 
2	-1 115 52 78 
2	-1 115 78 
11	-1 118 
7	-1 122 
3	-1 122 75 
2	-1 122 75 153 
2	-1 122 96 
4	-1 122 153 
2	-1 129 
2	-1 129 122 
2	-1 135 
3	-1 139 
3	-1 140 
2	-1 140 153 
3	-1 146 
3	-1 146 38 
2	-1 146 38 51 
2	-1 146 38 51 81 
2	-1 146 38 73 
2	-1 146 38 73 51 
2	-1 146 38 73 51 81 
2	-1 146 38 73 81 
2	-1 146 38 81 
2	-1 146 51 
2	-1 146 51 81 
2	-1 146 73 
2	-1 146 73 51 
2	-1 146 73 51 81 
2	-1 146 73 81 
2	-1 146 81 
18	-1 153 
2	-1 153 61 
2	-1 153 118 
9	-1 154 
4	-1 154 29 
2	-1 154 29 39 
3	-1 154 29 153 
2	-1 154 39 
3	-1 154 69 
2	-1 154 69 75 
3	-1 154 75 
2	-1 154 86 
2	-1 154 86 75 
2	-1 154 122 
2	-1 154 122 75 
2	-1 154 139 
3	-1 154 153 
7	29 
2	29 39 
2	29 50 
3	29 61 
2	29 75 
2	29 75 153 
2	29 89 
2	29 89 61 
2	29 122 
2	29 122 153 
5	29 153 
2	29 153 61 
5	38 
2	38 51 
2	38 51 81 
2	38 61 
2	38 73 
2	38 73 51 
2	38 73 51 81 
2	38 73 81 
2	38 81 
2	38 118 
2	39 
6	40 
2	40 61 
3	40 118 
2	45 
4	48 
2	48 118 
3	49 
3	50 
2	51 
2	51 81 
2	52 
2	52 78 
8	55 
3	55 61 
3	55 76 
2	55 154 
30	61 
6	61 55 
2	61 55 76 
5	61 61 
2	61 61 153 
5	61 63 
2	61 63 61 
2	61 63 122 
2	61 63 154 
2	61 63 154 122 
3	61 76 
2	61 83 
3	61 122 
2	61 122 153 
8	61 153 
2	61 153 153 
3	61 154 
3	61 154 122 
2	61 154 122 153 
2	61 154 153 
8	63 
3	63 61 
2	63 122 
3	63 154 
2	63 154 122 
3	66 
2	66 134 
2	67 
2	67 38 
3	69 
2	69 75 
2	73 
2	73 51 
2	73 51 81 
2	73 81 
9	75 
2	75 29 
2	75 29 153 
2	75 55 
2	75 61 
2	75 61 55 
2	75 118 
6	75 153 
9	76 
5	76 61 
3	76 61 153 
3	76 153 
2	78 
3	80 
3	81 
3	83 
2	86 
2	86 75 
2	89 
2	89 61 
4	90 
3	96 
2	115 
2	115 52 
2	115 52 78 
2	115 78 
13	118 
2	118 38 
10	122 
2	122 49 
3	122 75 
2	122 75 153 
2	122 96 
5	122 153 
2	129 
2	129 122 
3	134 
3	134 66 
2	134 66 134 
2	134 134 
2	135 
4	139 
2	139 153 
3	140 
2	140 153 
3	146 
3	146 38 
2	146 38 51 
2	146 38 51 81 
2	146 38 73 
2	146 38 73 51 
2	146 38 73 51 81 
2	146 38 73 81 
2	146 38 81 
2	146 51 
2	146 51 81 
2	146 73 
2	146 73 51 
2	146 73 51 81 
2	146 73 81 
2	146 81 
23	153 
2	153 40 
2	153 48 
2	153 61 
3	153 118 
2	153 153 
2	153 154 
13	154 
5	154 29 
2	154 29 39 
2	154 29 50 
2	154 29 61 
3	154 29 153 
2	154 39 
2	154 49 
2	154 50 
2	154 61 
3	154 69 
2	154 69 75 
3	154 75 
2	154 86 
2	154 86 75 
4	154 122 
2	154 122 49 
2	154 122 75 
2	154 122 153 
3	154 139 
4	154 153 
2	167 
