total lines:128
37	-1 
6	-1 34 
5	-1 34 59 
3	-1 34 59 116 
3	-1 34 59 116 117 
5	-1 34 59 117 
3	-1 34 116 
3	-1 34 116 117 
5	-1 34 117 
5	-1 41 
3	-1 53 
10	-1 59 
4	-1 59 116 
4	-1 59 116 117 
7	-1 59 117 
5	-1 81 
3	-1 97 
5	-1 116 
5	-1 116 117 
12	-1 117 
8	-1 128 
5	-1 128 34 
4	-1 128 34 59 
4	-1 128 34 59 117 
4	-1 128 34 117 
5	-1 128 59 
4	-1 128 59 117 
3	-1 128 116 
3	-1 128 116 117 
5	-1 128 117 
4	-1 132 
4	-1 152 
5	31 
3	31 54 
3	31 57 
3	31 120 
20	34 
16	34 59 
10	34 59 116 
8	34 59 116 117 
12	34 59 117 
10	34 116 
8	34 116 117 
12	34 117 
3	34 128 
13	41 
4	43 
8	46 
3	46 62 
4	46 67 
3	48 
4	50 
6	53 
6	54 
3	54 57 
4	55 
4	57 
3	58 
40	59 
4	59 34 
3	59 34 128 
3	59 59 
16	59 116 
14	59 116 117 
19	59 117 
6	59 128 
5	60 
4	62 
3	64 
4	67 
4	69 
11	74 
5	74 117 
4	76 
10	81 
3	81 84 
4	84 
10	87 
5	87 34 
3	87 34 59 
8	87 59 
5	87 59 116 
4	87 59 116 117 
4	87 59 117 
5	87 116 
4	87 116 117 
4	87 117 
5	87 128 
3	87 128 34 
5	87 128 59 
4	87 128 59 116 
3	87 128 59 116 117 
3	87 128 59 117 
4	87 128 116 
3	87 128 116 117 
3	87 128 117 
3	93 
11	97 
5	97 174 
3	97 177 
3	113 
10	114 
28	116 
18	116 117 
4	116 128 
59	117 
3	117 34 
3	117 41 
5	117 46 
7	117 59 
3	117 59 34 
4	117 59 128 
3	117 60 
3	117 74 
4	117 81 
3	117 84 
5	117 97 
4	117 97 174 
4	117 114 
8	117 116 
7	117 128 
4	117 135 
3	117 152 
4	117 174 
5	120 
26	128 
11	128 34 
9	128 34 59 
7	128 34 59 116 
6	128 34 59 116 117 
8	128 34 59 117 
7	128 34 116 
6	128 34 116 117 
8	128 34 117 
14	128 59 
10	128 59 116 
9	128 59 116 117 
11	128 59 117 
11	128 116 
10	128 116 117 
12	128 117 
4	128 135 
4	129 
3	129 132 
4	130 
3	130 128 
24	132 
3	132 31 
3	132 31 54 
3	132 31 57 
3	132 31 120 
4	132 34 
3	132 34 59 
3	132 54 
3	132 57 
9	132 59 
4	132 59 116 
4	132 59 116 117 
5	132 59 117 
5	132 87 
5	132 87 59 
3	132 87 59 116 
3	132 87 59 116 117 
3	132 87 59 117 
3	132 87 116 
3	132 87 116 117 
3	132 87 117 
4	132 87 128 
4	132 87 128 59 
3	132 87 128 59 116 
3	132 87 128 59 116 117 
3	132 87 128 59 117 
3	132 87 128 116 
3	132 87 128 116 117 
3	132 87 128 117 
4	132 116 
4	132 116 117 
5	132 117 
3	132 120 
5	132 128 
4	132 128 59 
3	132 128 59 116 
3	132 128 59 116 117 
3	132 128 59 117 
3	132 128 116 
3	132 128 116 117 
3	132 128 117 
8	132 135 
3	132 135 34 
7	132 135 59 
3	132 135 59 117 
3	132 135 87 
3	132 135 87 59 
3	132 135 117 
3	132 135 128 
3	132 166 
3	132 166 31 
3	132 166 31 54 
3	132 166 31 57 
3	132 166 31 120 
3	132 166 54 
3	132 166 57 
3	132 166 120 
25	135 
9	135 34 
8	135 34 59 
4	135 34 59 116 
4	135 34 59 117 
4	135 34 116 
4	135 34 117 
17	135 59 
8	135 59 116 
6	135 59 116 117 
8	135 59 117 
6	135 87 
3	135 87 34 
6	135 87 59 
3	135 87 59 116 
3	135 87 116 
3	135 87 128 
3	135 87 128 59 
9	135 116 
6	135 116 117 
8	135 117 
6	135 128 
4	135 128 34 
3	135 128 34 59 
3	135 128 34 59 116 
3	135 128 34 116 
5	135 128 59 
4	135 128 59 116 
3	135 128 59 116 117 
3	135 128 59 117 
4	135 128 116 
3	135 128 116 117 
3	135 128 117 
3	135 151 
3	135 151 59 
3	151 
3	151 59 
11	152 
6	166 
3	166 31 
3	166 31 54 
3	166 31 57 
3	166 31 120 
3	166 54 
3	166 57 
3	166 120 
3	167 
3	173 
6	174 
3	174 97 
3	177 
4	180 
3	180 97 
