total lines:42
24	-1 
3	-1 34 
2	-1 34 81 
3	-1 41 
2	-1 53 
2	-1 64 
2	-1 64 70 
12	-1 66 
2	-1 66 41 
2	-1 66 66 
2	-1 66 134 
4	-1 70 
2	-1 70 34 
2	-1 70 84 
2	-1 73 
2	-1 81 
3	-1 84 
3	-1 105 
4	-1 134 
2	-1 134 53 
3	-1 134 66 
2	-1 134 66 66 
2	-1 134 66 134 
3	-1 134 134 
2	-1 134 134 66 
2	-1 135 
2	-1 135 66 
2	-1 135 134 
2	-1 135 134 66 
2	-1 135 134 134 
2	28 
3	34 
2	34 81 
9	41 
3	41 66 
2	41 66 66 
3	50 
4	53 
2	53 66 
2	53 105 
2	64 
2	64 70 
29	66 
7	66 41 
2	66 41 66 
2	66 53 
6	66 66 
2	66 66 134 
2	66 105 
9	66 134 
2	66 134 41 
2	66 134 41 66 
4	66 134 66 
4	70 
2	70 34 
2	70 84 
2	73 
2	75 
2	75 66 
2	81 
3	84 
4	105 
2	105 112 
2	112 
15	134 
3	134 41 
2	134 41 66 
2	134 50 
3	134 53 
2	134 53 105 
11	134 66 
3	134 66 41 
2	134 66 41 66 
4	134 66 66 
6	134 66 134 
2	134 66 134 41 
2	134 66 134 41 66 
3	134 66 134 66 
2	134 105 
7	134 134 
3	134 134 41 
2	134 134 41 66 
4	134 134 66 
3	135 
3	135 66 
2	135 66 134 
3	135 134 
3	135 134 66 
2	135 134 66 134 
3	135 134 134 
2	152 
2	152 66 
