total lines:54
32	-1 
11	-1 41 
6	-1 41 53 
3	-1 41 53 62 
2	-1 41 53 112 
4	-1 41 62 
2	-1 41 62 67 
2	-1 41 62 112 
2	-1 41 67 
4	-1 41 112 
10	-1 53 
5	-1 53 62 
3	-1 53 112 
11	-1 62 
2	-1 62 41 
3	-1 62 67 
2	-1 62 112 
6	-1 67 
2	-1 67 62 
3	-1 67 112 
2	-1 93 
11	-1 105 
12	-1 112 
4	-1 112 105 
16	34 
2	34 53 
2	34 59 
3	34 62 
2	34 67 
3	34 105 
6	34 112 
2	34 112 62 
13	41 
6	41 53 
3	41 53 62 
2	41 53 112 
4	41 62 
2	41 62 67 
2	41 62 112 
2	41 67 
5	41 112 
18	53 
2	53 34 
2	53 34 59 
2	53 59 
9	53 62 
2	53 62 34 
2	53 62 34 59 
2	53 62 59 
2	53 62 67 
3	53 62 112 
3	53 67 
6	53 112 
2	59 
2	60 
20	62 
3	62 34 
2	62 34 59 
2	62 41 
2	62 53 
2	62 59 
5	62 67 
4	62 112 
12	67 
2	67 53 
4	67 62 
2	67 62 53 
4	67 112 
3	93 
2	102 
14	105 
2	105 41 
22	112 
3	112 62 
4	112 105 
