total lines:205
65	-1 
8	-1 29 
7	-1 30 
6	-1 42 
7	-1 50 
7	-1 71 
5	-1 71 98 
7	-1 75 
11	-1 86 
5	-1 96 
7	-1 98 
9	-1 100 
5	-1 100 123 
33	-1 123 
5	-1 123 86 
5	-1 123 100 
7	-1 123 123 
8	-1 123 133 
5	-1 123 155 
13	-1 133 
6	-1 133 123 
7	-1 138 
5	-1 139 
9	-1 140 
10	-1 155 
5	-1 155 123 
9	-1 157 
6	-1 166 
37	29 
6	29 45 
9	29 50 
6	29 71 
6	29 85 
15	29 89 
6	29 89 144 
5	29 98 
12	29 108 
7	29 108 89 
5	29 123 
9	29 144 
25	30 
9	30 123 
8	30 133 
8	31 
5	31 166 
16	39 
5	39 39 
5	39 43 
5	39 75 
6	39 77 
5	39 77 39 
7	39 108 
5	39 108 123 
9	39 123 
6	39 123 133 
6	39 133 
28	42 
7	42 29 
5	42 50 
10	42 75 
5	42 86 
6	42 89 
5	42 96 
7	42 108 
5	42 108 89 
9	42 123 
5	42 133 
6	43 
7	45 
11	49 
9	49 123 
6	49 123 123 
5	49 123 133 
5	49 133 
22	50 
6	50 75 
6	50 98 
12	71 
5	71 98 
6	73 
10	74 
43	75 
20	75 29 
11	75 29 89 
5	75 29 89 144 
6	75 29 108 
8	75 29 144 
5	75 42 
7	75 50 
5	75 75 
9	75 85 
16	75 89 
6	75 89 144 
6	75 96 
12	75 108 
6	75 108 85 
8	75 108 89 
9	75 123 
10	75 144 
7	77 
5	77 39 
12	85 
43	86 
6	86 29 
14	86 39 
5	86 39 75 
5	86 39 77 
6	86 39 108 
5	86 39 108 123 
9	86 39 123 
6	86 39 123 133 
6	86 39 133 
9	86 42 
5	86 42 123 
12	86 75 
5	86 75 123 
5	86 77 
5	86 89 
7	86 92 
7	86 92 39 
5	86 92 39 123 
5	86 92 123 
13	86 96 
13	86 96 39 
5	86 96 39 75 
5	86 96 39 108 
8	86 96 39 123 
6	86 96 39 123 133 
6	86 96 39 133 
5	86 96 75 
6	86 96 92 
6	86 96 92 39 
5	86 96 108 
8	86 96 123 
6	86 96 123 133 
6	86 96 133 
10	86 108 
5	86 108 123 
22	86 123 
9	86 123 123 
9	86 123 133 
5	86 123 133 123 
5	86 123 155 
11	86 133 
6	86 133 123 
7	86 155 
23	89 
5	89 85 
7	89 144 
10	92 
8	92 39 
5	92 39 123 
5	92 123 
26	96 
13	96 39 
5	96 39 75 
5	96 39 108 
8	96 39 123 
6	96 39 123 133 
6	96 39 133 
5	96 42 
7	96 50 
8	96 75 
6	96 92 
6	96 92 39 
6	96 96 
5	96 108 
8	96 123 
6	96 123 133 
6	96 133 
12	98 
6	99 
39	100 
23	100 29 
6	100 29 71 
6	100 29 85 
12	100 29 89 
5	100 29 89 144 
10	100 29 108 
6	100 29 108 89 
8	100 29 144 
10	100 42 
7	100 42 29 
6	100 42 89 
5	100 42 108 
5	100 42 108 89 
5	100 50 
6	100 71 
19	100 75 
14	100 75 29 
8	100 75 29 89 
5	100 75 29 108 
7	100 75 29 144 
9	100 75 85 
12	100 75 89 
5	100 75 89 144 
9	100 75 108 
6	100 75 108 85 
7	100 75 108 89 
9	100 75 144 
11	100 85 
7	100 86 
17	100 89 
5	100 89 85 
6	100 89 144 
15	100 108 
8	100 108 85 
11	100 108 89 
5	100 108 144 
9	100 123 
10	100 144 
6	105 
23	108 
5	108 75 
8	108 85 
12	108 89 
7	108 123 
5	108 144 
11	115 
136	123 
12	123 29 
6	123 29 108 
13	123 30 
5	123 30 123 
6	123 30 133 
5	123 31 
9	123 39 
15	123 42 
5	123 42 108 
6	123 42 123 
6	123 49 
5	123 49 123 
6	123 50 
15	123 75 
5	123 75 29 
6	123 75 85 
6	123 75 89 
6	123 75 108 
7	123 85 
26	123 86 
8	123 86 39 
7	123 86 42 
5	123 86 75 
8	123 86 96 
8	123 86 96 39 
12	123 86 123 
9	123 89 
5	123 92 
5	123 92 39 
13	123 96 
8	123 96 39 
19	123 100 
9	123 100 29 
6	123 100 29 108 
5	123 100 42 
8	123 100 75 
5	123 100 75 29 
6	123 100 75 85 
5	123 100 75 89 
5	123 100 75 108 
7	123 100 85 
8	123 100 89 
10	123 100 108 
5	123 100 108 85 
7	123 100 108 89 
5	123 100 123 
13	123 108 
5	123 108 85 
7	123 108 89 
5	123 115 
57	123 123 
9	123 123 86 
6	123 123 86 123 
13	123 123 123 
5	123 123 123 123 
14	123 123 133 
7	123 123 133 123 
7	123 123 157 
55	123 133 
5	123 133 49 
8	123 133 86 
27	123 133 123 
5	123 133 123 86 
5	123 133 123 123 
5	123 133 123 133 
5	123 133 123 157 
7	123 133 133 
6	123 133 157 
9	123 138 
8	123 139 
13	123 140 
5	123 140 123 
5	123 140 140 
5	123 140 152 
5	123 144 
5	123 152 
20	123 155 
5	123 155 39 
13	123 155 123 
5	123 155 123 123 
5	123 156 
17	123 157 
10	123 157 123 
7	123 163 
7	123 171 
5	123 171 123 
11	126 
5	127 
80	133 
6	133 29 
8	133 30 
5	133 30 123 
6	133 42 
5	133 49 
8	133 75 
10	133 86 
5	133 86 123 
7	133 100 
5	133 100 29 
48	133 123 
5	133 123 30 
5	133 123 42 
7	133 123 86 
15	133 123 123 
5	133 123 123 123 
13	133 123 133 
6	133 123 133 123 
5	133 123 155 
8	133 123 157 
14	133 133 
7	133 133 123 
8	133 140 
7	133 155 
11	133 157 
7	133 157 123 
7	133 163 
6	135 
18	138 
13	139 
6	139 123 
27	140 
5	140 74 
9	140 123 
7	140 140 
10	140 152 
6	140 152 164 
9	140 164 
6	142 
12	144 
12	152 
6	152 164 
30	155 
6	155 39 
5	155 42 
5	155 86 
5	155 86 39 
5	155 86 96 
5	155 86 96 39 
5	155 96 
5	155 96 39 
20	155 123 
9	155 123 123 
6	155 123 133 
8	155 133 
5	155 133 123 
24	156 
16	156 123 
8	156 123 123 
7	156 133 
5	156 155 
5	156 155 123 
24	157 
13	157 123 
14	163 
7	163 123 
11	164 
5	164 74 
9	166 
18	171 
12	171 123 
6	172 
