total lines:187
73	-1 
15	-1 35 
4	-1 35 91 
5	-1 73 
19	-1 91 
7	-1 91 35 
4	-1 143 
12	-1 148 
4	-1 149 
4	-1 165 
6	-1 170 
4	-1 170 91 
8	-1 176 
4	-1 178 
19	35 
5	35 91 
5	41 
5	50 
4	58 
5	60 
5	64 
11	73 
4	73 58 
4	73 106 
4	73 106 58 
5	74 
4	85 
31	91 
9	91 35 
4	101 
4	102 
6	106 
4	106 58 
4	113 
12	114 
5	135 
10	137 
4	142 
20	143 
5	143 174 
8	143 177 
4	143 177 174 
9	143 178 
4	143 178 174 
7	143 178 177 
4	143 178 177 174 
24	148 
7	148 91 
4	148 176 
16	149 
25	150 
9	150 149 
8	164 
14	165 
5	165 164 
5	167 
25	170 
4	170 91 
19	170 176 
9	174 
59	176 
4	176 91 
4	176 148 
10	176 149 
17	176 150 
4	176 150 149 
12	177 
6	177 174 
16	178 
7	178 174 
11	178 177 
6	178 177 174 
