total lines:199
67	-1 
7	-1 39 
4	-1 39 124 
9	-1 43 
6	-1 65 
6	-1 78 
4	-1 79 
8	-1 80 
17	-1 124 
21	-1 125 
5	-1 125 124 
4	-1 158 
5	-1 159 
4	-1 159 125 
19	39 
5	39 43 
5	39 124 
5	39 125 
31	43 
5	43 39 
4	43 43 
4	43 124 
4	55 
7	56 
4	57 
6	58 
7	63 
7	64 
27	65 
5	65 124 
6	65 125 
4	65 125 124 
10	69 
4	72 
7	74 
5	74 39 
6	77 
24	78 
8	78 79 
6	78 79 80 
7	78 80 
7	78 125 
12	79 
9	79 80 
4	79 125 
31	80 
4	80 124 
7	80 125 
6	83 
4	106 
115	124 
10	124 43 
5	124 56 
5	124 63 
17	124 65 
4	124 65 124 
5	124 65 125 
6	124 69 
4	124 77 
7	124 78 
13	124 80 
6	124 124 
43	124 125 
5	124 125 43 
5	124 125 69 
4	124 125 124 
10	124 159 
85	125 
4	125 39 
8	125 43 
5	125 65 
5	125 69 
4	125 78 
5	125 80 
18	125 124 
6	125 125 
4	146 
8	158 
18	159 
7	159 125 
