total lines:43
26	-1 
3	-1 29 
6	-1 50 
2	-1 50 98 
2	-1 50 144 
2	-1 61 
3	-1 75 
4	-1 89 
3	-1 89 144 
4	-1 96 
2	-1 98 
2	-1 118 
2	-1 126 
3	-1 142 
12	-1 144 
2	-1 144 50 
2	-1 144 50 98 
2	-1 144 89 
2	-1 144 89 144 
2	-1 144 98 
2	-1 144 144 
5	29 
2	37 
10	50 
3	50 29 
2	50 71 
2	50 75 
2	50 75 29 
2	50 98 
3	50 144 
3	52 
2	61 
3	64 
2	64 50 
8	71 
2	71 50 
2	71 52 
2	71 92 
2	73 
4	75 
2	75 29 
2	79 
2	83 
7	89 
3	89 50 
2	89 98 
4	89 144 
2	89 144 50 
2	89 144 98 
6	92 
4	92 101 
2	93 
4	96 
3	98 
8	101 
3	101 92 
2	101 92 101 
2	101 93 
2	101 101 
2	101 105 
2	101 112 
2	101 112 92 
2	101 112 92 101 
2	101 112 101 
2	101 144 
2	101 164 
2	101 166 
2	105 
2	112 
2	112 92 
2	112 92 101 
2	112 101 
2	115 
2	118 
2	121 
2	126 
3	142 
21	144 
2	144 29 
4	144 50 
2	144 50 98 
6	144 71 
3	144 89 
2	144 89 144 
3	144 98 
3	144 144 
3	164 
2	166 
