total lines:61
18	-1 
2	-1 26 
2	-1 50 
2	-1 55 
7	-1 58 
2	-1 58 164 
2	-1 140 
2	-1 164 
3	9 
3	14 
2	14 160 
2	16 
20	26 
5	26 58 
3	26 58 164 
6	26 164 
2	29 
2	29 50 
4	37 
3	50 
2	54 
4	55 
18	58 
3	58 26 
2	58 74 
5	58 164 
2	64 
12	74 
2	74 37 
2	75 
2	75 29 
2	75 29 50 
2	75 50 
2	76 
2	84 
2	106 
2	129 
2	136 
11	140 
2	140 26 
3	140 58 
4	140 74 
2	140 84 
5	140 152 
3	140 152 74 
5	140 152 164 
3	140 152 164 74 
2	140 153 
6	140 164 
2	140 164 26 
2	140 164 58 
3	140 164 74 
2	141 
14	152 
5	152 26 
2	152 58 
5	152 74 
9	152 164 
3	152 164 26 
4	152 164 74 
2	153 
4	160 
2	162 
20	164 
5	164 26 
3	164 58 
2	164 58 26 
4	164 74 
