total lines:22
14	-1 
3	-1 40 
2	-1 40 62 
2	-1 40 67 
2	-1 40 67 62 
2	-1 40 102 
2	-1 40 102 62 
2	-1 40 102 67 
2	-1 40 102 67 62 
3	-1 62 
4	-1 67 
3	-1 67 62 
2	-1 88 
3	-1 94 
5	-1 102 
2	-1 102 62 
2	-1 102 67 
2	-1 102 67 62 
2	-1 128 
2	-1 128 88 
2	-1 128 145 
2	-1 128 145 88 
2	-1 131 
2	-1 145 
2	-1 145 88 
2	-1 163 
2	-1 163 94 
3	40 
2	40 62 
2	40 67 
2	40 67 62 
2	40 102 
2	40 102 62 
2	40 102 67 
2	40 102 67 62 
4	62 
5	67 
4	67 62 
4	88 
7	94 
3	99 
2	99 94 
2	99 163 
6	102 
3	102 62 
3	102 67 
3	102 67 62 
2	128 
2	128 88 
2	128 145 
2	128 145 88 
6	131 
2	131 88 
3	131 94 
2	131 135 
2	131 135 94 
5	135 
4	135 94 
4	135 141 
3	135 141 94 
2	135 163 
4	141 
3	141 94 
3	145 
3	145 88 
3	163 
2	163 94 
