total lines:26
4	-1 
3	-1 66 
2	-1 134 
4	28 
2	28 50 
3	28 80 
2	28 80 50 
3	28 80 89 
2	28 80 89 50 
3	28 89 
2	28 89 50 
2	39 
2	39 43 
2	39 78 
2	40 
12	41 
3	41 28 
2	41 28 50 
2	41 28 80 
2	41 28 80 50 
2	41 28 80 89 
2	41 28 80 89 50 
2	41 28 89 
2	41 28 89 50 
2	41 50 
3	41 66 
3	41 80 
2	41 80 28 
2	41 80 50 
2	41 80 89 
2	41 80 89 50 
3	41 89 
3	41 89 28 
2	41 89 28 50 
2	41 89 28 80 
2	41 89 28 80 50 
2	41 89 28 80 89 
2	41 89 28 80 89 50 
2	41 89 28 89 
2	41 89 28 89 50 
2	41 89 50 
3	41 89 80 
2	41 89 80 28 
2	41 89 80 50 
2	41 89 80 89 
2	41 89 80 89 50 
2	41 89 89 
2	41 89 89 50 
4	41 134 
3	41 152 
2	43 
2	50 
17	66 
5	66 41 
4	66 66 
8	66 134 
3	66 134 66 
2	66 152 
2	78 
4	80 
2	80 28 
2	80 50 
3	80 89 
2	80 89 50 
4	89 
3	89 28 
2	89 28 50 
2	89 28 80 
2	89 28 80 50 
2	89 28 80 89 
2	89 28 80 89 50 
2	89 28 89 
2	89 28 89 50 
2	89 50 
3	89 80 
2	89 80 28 
2	89 80 50 
2	89 80 89 
2	89 80 89 50 
2	89 89 
2	89 89 50 
16	134 
11	134 66 
3	134 66 134 
4	134 134 
2	134 135 
2	134 152 
2	135 
4	152 
