total lines:501
158	-1 
28	-1 35 
17	-1 91 
12	-1 113 
14	-1 137 
21	-1 148 
12	-1 170 
21	-1 176 
66	35 
14	68 
21	73 
41	91 
44	113 
18	114 
18	117 
30	121 
56	136 
28	136 162 
108	137 
22	137 113 
27	137 136 
12	137 136 162 
12	137 137 
17	137 148 
16	137 161 
25	137 162 
40	143 
22	143 35 
72	148 
12	148 91 
18	148 170 
20	148 176 
46	149 
27	149 150 
49	150 
50	161 
26	161 162 
76	162 
12	162 136 
13	162 137 
16	162 161 
15	165 
98	170 
15	170 35 
13	170 148 
62	170 176 
122	176 
13	176 148 
15	176 150 
