total lines:163
84	-1 
16	-1 29 
6	-1 29 50 
4	-1 29 98 
6	-1 29 142 
7	-1 45 
20	-1 50 
11	-1 60 
5	-1 60 50 
11	-1 75 
4	-1 80 
6	-1 98 
4	-1 98 142 
9	-1 109 
7	-1 135 
8	-1 142 
32	29 
5	29 45 
11	29 50 
4	29 50 142 
5	29 98 
10	29 142 
4	37 
6	42 
16	45 
5	45 50 
4	45 142 
4	48 
36	50 
5	50 45 
7	50 142 
15	60 
5	60 50 
4	60 112 
5	62 
31	75 
5	75 29 
4	75 109 
8	80 
19	90 
4	90 75 
5	90 96 
4	90 109 
9	90 154 
12	96 
6	96 75 
12	98 
4	98 50 
5	98 142 
5	105 
8	108 
25	109 
4	109 29 
5	112 
5	115 
4	126 
4	134 
13	135 
15	142 
4	144 
12	154 
8	160 
