total lines:57
42	-1 
4	-1 31 
2	-1 34 
2	-1 35 
2	-1 38 
2	-1 45 
12	-1 50 
2	-1 50 31 
2	-1 50 50 
2	-1 50 60 
3	-1 50 142 
4	-1 60 
2	-1 64 
2	-1 68 
3	-1 77 
2	-1 96 
7	-1 108 
2	-1 120 
2	-1 120 31 
2	-1 121 
2	-1 129 
2	-1 135 
3	-1 142 
3	-1 166 
4	31 
4	34 
2	35 
2	38 
2	39 
6	45 
3	45 50 
2	45 50 167 
2	45 75 
2	45 167 
20	50 
2	50 31 
3	50 50 
5	50 60 
2	50 60 117 
2	50 70 
3	50 77 
2	50 115 
2	50 117 
2	50 126 
4	50 142 
2	50 142 60 
3	50 167 
2	59 
7	60 
2	60 117 
2	64 
3	68 
2	70 
2	72 
3	75 
7	77 
2	90 
2	90 154 
3	96 
3	98 
2	98 50 
2	98 50 50 
2	98 77 
2	102 
8	108 
2	115 
3	117 
2	120 
2	120 31 
2	121 
2	126 
2	129 
2	135 
4	142 
2	142 60 
3	154 
3	166 
3	167 
