39.98470200000000 116.318417000000000
39.98468300000000 116.318450000000000
39.98468600000000 116.318417000000000
39.98468800000000 116.318385000000010
39.98465500000000 116.318263000000000
39.98461100000000 116.318026000000000
39.98460800000000 116.317761000000000
39.98456300000000 116.317517000000000
39.98453900000000 116.317294000000000
39.98460600000000 116.317065000000000
39.98456800000000 116.316911000000000
39.98458600000000 116.316716000000000
39.98456100000000 116.316526999999990
39.98453600000000 116.316354000000000
39.98452300000000 116.316188000000000
39.98451600000000 116.315963000000000
39.98452300000000 116.315822999999990
39.98457400000000 116.315611000000000
39.98456800000000 116.315406999999990
39.98453800000000 116.315147999999990
39.98450100000000 116.314907000000010
39.98453200000000 116.314808000000000
39.98450400000000 116.314625000000010
39.98448500000000 116.314426000000000
39.98442700000000 116.314240000000000
39.98448500000000 116.314042000000000
39.98448000000000 116.313818000000000
39.98450100000000 116.313659000000000
39.98461800000000 116.314323000000000
39.98464900000000 116.314107000000010
39.98462100000000 116.313941000000000
39.98465500000000 116.313723999999990
39.98468100000000 116.313520999999990
39.98470800000000 116.313311000000000
39.98470800000000 116.313098999999990
39.98469600000000 116.312921000000000
39.98467700000000 116.312746000000000
39.98468200000000 116.312524999999990
39.98464900000000 116.312332000000000
39.98464100000000 116.312123000000000
39.98464700000000 116.311916999999990
39.98465400000000 116.311719999999990
39.98463100000000 116.311569000000010
39.98464700000000 116.311380000000000
39.98465300000000 116.311189000000000
39.98462800000000 116.311026000000000
39.98465200000000 116.310854000000010
39.98465600000000 116.310660000000000
39.98461600000000 116.310534000000000
39.98467600000000 116.310329999999990
39.98469800000000 116.310063000000000
39.98469600000000 116.309937000000010
39.98466300000000 116.309850999999990
39.98459800000000 116.309749000000000
39.98454000000000 116.309656000000000
39.98452500000000 116.309503000000010
39.98449800000000 116.309348000000000
39.98448100000000 116.309173000000000
39.98448900000000 116.308993000000000
39.98447000000000 116.308826999999990
39.98449000000000 116.308638000000000
39.98449000000000 116.308485000000000
39.98449400000000 116.308351000000000
39.98449900000000 116.308201000000000
39.98448400000000 116.308049000000000
39.98449100000000 116.307902000000000
39.98449900000000 116.307809000000010
39.98447200000000 116.307687000000000
39.98449300000000 116.307548000000000
39.98448800000000 116.307434000000000
39.98442700000000 116.307292000000000
39.98442800000000 116.307126000000000
39.98443200000000 116.306943000000000
39.98442500000000 116.306800999999990
39.98443800000000 116.306633000000010
39.98446200000000 116.306486000000010
39.98446600000000 116.306299999999990
39.98445600000000 116.306047000000010
39.98445400000000 116.305854000000000
39.98441200000000 116.305682000000000
39.98441000000000 116.305466000000000
39.98440600000000 116.305280999999990
39.98439300000000 116.305023000000010
39.98435600000000 116.304908999999990
39.98435200000000 116.304704000000000
39.98433800000000 116.304543000000000
39.98433800000000 116.304315000000000
39.98434900000000 116.304083000000010
39.98436800000000 116.303934000000000
39.98443700000000 116.303813000000010
39.98442900000000 116.303672000000010
39.98434200000000 116.303444000000000
39.98436500000000 116.303298000000000
39.98436800000000 116.303132000000010
39.98438500000000 116.302920000000000
39.98438000000000 116.302753999999990
39.98434600000000 116.302601000000000
39.98430300000000 116.302457000000000
39.98434400000000 116.302271000000000
39.98434100000000 116.302094000000000
39.98435900000000 116.301888000000010
39.98437900000000 116.301693000000000
39.98434500000000 116.301500000000000
39.98434500000000 116.301309000000000
39.98433800000000 116.301107000000000
39.98434400000000 116.300877000000000
39.98427800000000 116.300674000000000
39.98427600000000 116.300462000000000
39.98427800000000 116.300307000000000
39.98425200000000 116.300156000000000
39.98428800000000 116.299943000000000
39.98428300000000 116.299809999999990
39.98433500000000 116.299744000000000
39.98431200000000 116.299702999999990
39.98417700000000 116.299699000000000
39.98414000000000 116.299696999999990
39.98420400000000 116.299721000000010
39.98425800000000 116.299736000000000
39.98403100000000 116.299573000000000
39.98379000000000 116.299578000000000
39.98372600000000 116.299566000000000
39.98369200000000 116.299496000000000
39.98368500000000 116.299476000000000
39.98363900000000 116.299425000000000
39.98362900000000 116.299353000000000
39.98364100000000 116.299279000000000
39.98355700000000 116.299235000000000
39.98350900000000 116.299238000000000
39.98341300000000 116.299267000000000
39.98335300000000 116.299305000000000
39.98333700000000 116.299321000000010
39.98330000000000 116.299314000000000
39.98330000000000 116.299314000000000
39.98330400000000 116.299307000000000
39.98327900000000 116.299311000000000
39.98330200000000 116.299302000000000
39.98327600000000 116.299265000000010
39.98332200000000 116.299190999999990
39.98340300000000 116.299147000000000
39.98354800000000 116.299083000000000
39.98367500000000 116.299031000000000
39.98366300000000 116.298931999999990
39.98353300000000 116.298903000000000
39.98359000000000 116.298869000000000
39.98372300000000 116.298824999999990
39.98390200000000 116.298773000000000
39.98404500000000 116.298725000000000
39.98401900000000 116.298663000000000
39.99577700000000 116.286798000000000
39.99683200000000 116.285445999999990
39.98439700000000 116.299291999999990
39.98442600000000 116.299329000000000
39.98449900000000 116.299413000000000
39.98442400000000 116.299467000000010
39.98441000000000 116.299477000000000
39.98442100000000 116.299569000000010
39.98451800000000 116.299530000000000
39.98448800000000 116.299645000000000
39.98454000000000 116.299522999999990
39.98446000000000 116.299528000000000
39.98446300000000 116.299508000000000
39.98450100000000 116.299473000000010
39.98453200000000 116.299451000000000
39.98453200000000 116.299451000000000
39.98452700000000 116.299451000000000
39.98451700000000 116.299447000000000
39.98450900000000 116.299437999999990
39.98449700000000 116.299411000000010
39.98449900000000 116.299404999999990
39.98449800000000 116.299407000000000
39.98449800000000 116.299407000000000
39.98449300000000 116.299412000000000
39.98449800000000 116.299466000000000
39.98454600000000 116.299409999999990
39.98463800000000 116.299318000000000
39.98473000000000 116.299315000000010
39.98475300000000 116.299305000000000
39.98478900000000 116.299297000000000
39.98479500000000 116.299391000000000
39.98477800000000 116.299504000000000
39.98474300000000 116.299617000000000
39.98467100000000 116.299625000000010
39.98469400000000 116.299536000000000
39.98473300000000 116.299520000000000
39.98384100000000 116.299902000000000
39.98386100000000 116.300177000000010
39.98384200000000 116.300329000000000
39.98398400000000 116.300308000000000
39.98412600000000 116.300188000000010
39.98424600000000 116.300058000000010
39.98437300000000 116.300019000000010
39.98453300000000 116.300043000000000
39.98472300000000 116.300058000000010
39.98478900000000 116.300151000000000
39.98483700000000 116.300216000000010
39.98485900000000 116.300332000000000
39.98488800000000 116.300514000000010
39.98489600000000 116.300689000000010
39.98490500000000 116.300884999999990
39.98491100000000 116.301049000000010
39.98492500000000 116.301221000000000
39.98493000000000 116.301391000000000
39.98493800000000 116.301568000000000
39.98494800000000 116.301741000000010
39.98494500000000 116.301914999999990
39.98495300000000 116.302055000000000
39.98495300000000 116.302263999999990
39.98496000000000 116.302488000000000
39.98497300000000 116.302679000000000
39.98498300000000 116.302860000000000
39.98500900000000 116.303037000000000
39.98504300000000 116.303258000000000
39.98503000000000 116.303496000000000
39.98503900000000 116.303685000000000
39.98502800000000 116.303884000000000
39.98499300000000 116.304067000000000
39.98502700000000 116.304163000000000
39.98503800000000 116.304260000000000
39.98504200000000 116.304458999999990
39.98502900000000 116.304647000000000
39.98502300000000 116.304811000000000
39.98503100000000 116.304927000000010
39.98508200000000 116.305192000000010
39.98510500000000 116.305348000000000
39.98513200000000 116.305499000000000
39.98516900000000 116.305649000000000
39.98513500000000 116.305834000000000
39.98514600000000 116.305984000000000
39.98513100000000 116.306178000000000
39.98512700000000 116.306363000000000
39.98513500000000 116.306531000000010
39.98515700000000 116.306711000000010
39.98517000000000 116.306893000000000
39.98515400000000 116.307092000000000
39.98518400000000 116.307340999999990
39.98521000000000 116.307509999999990
39.98523100000000 116.307633000000000
39.98526000000000 116.307734999999990
39.98524000000000 116.307933000000010
39.98522500000000 116.308133000000000
39.98525600000000 116.308313000000000
39.98521800000000 116.308578999999990
39.98520100000000 116.308774000000000
39.98520300000000 116.308980000000010
39.98522100000000 116.309152000000000
39.98519400000000 116.309310000000000
39.98516100000000 116.309494000000000
39.98519000000000 116.309701000000000
39.98520200000000 116.309888000000000
39.98528200000000 116.309980000000000
39.98544300000000 116.309980000000000
39.98557900000000 116.309969000000000
39.98572100000000 116.309961000000000
39.98584000000000 116.309940999999990
39.98595000000000 116.309978000000000
39.98605100000000 116.310034000000000
39.98617400000000 116.310025000000000
39.98630500000000 116.309956000000000
39.98646100000000 116.309884999999990
39.98661100000000 116.309862000000000
39.98669700000000 116.309893000000000
39.98679300000000 116.309956000000000
39.98692900000000 116.309974000000000
39.98707300000000 116.309987000000010
39.98721100000000 116.310004000000010
39.98732500000000 116.310070000000000
39.98745800000000 116.310084000000000
39.98759100000000 116.310087999999990
39.98774700000000 116.310049000000010
39.98788400000000 116.310027000000010
39.98800800000000 116.310059000000000
39.98811100000000 116.310052000000000
39.98829300000000 116.309901999999990
39.98839700000000 116.309931000000010
39.98855300000000 116.309866000000000
39.98867900000000 116.309824000000010
39.98877200000000 116.309783999999990
39.98890100000000 116.309793000000000
39.98902900000000 116.309833000000000
39.98917300000000 116.309866000000000
39.98928700000000 116.309905000000000
39.98939200000000 116.309949000000000
39.98951900000000 116.310031000000000
39.98962800000000 116.310049000000010
39.98976200000000 116.310024000000000
39.98983800000000 116.310098000000000
39.98998100000000 116.310115000000000
39.99008900000000 116.310169000000000
39.99021900000000 116.310215000000000
39.99032500000000 116.310258000000000
39.99040600000000 116.310277000000000
39.99056000000000 116.310190000000010
39.99065000000000 116.310134000000010
39.99069300000000 116.310114000000000
39.99069600000000 116.310111000000010
39.99069800000000 116.310104999999990
39.99069800000000 116.310103000000000
39.99069600000000 116.310101000000000
39.99069500000000 116.310095000000000
39.99069200000000 116.310092000000000
39.99069000000000 116.310090000000000
39.99068900000000 116.310087999999990
39.99068900000000 116.310087000000000
39.99068900000000 116.310087000000000
39.99069600000000 116.310090000000000
39.99074300000000 116.310066000000010
39.99079300000000 116.310109000000000
39.99083700000000 116.310205000000000
39.99087300000000 116.310318000000000
39.99088700000000 116.310479000000000
39.99087400000000 116.310657000000010
39.99090600000000 116.310827000000000
39.99092100000000 116.310971000000000
39.99093300000000 116.311149000000000
39.99096900000000 116.311312000000000
39.99099400000000 116.311507000000010
39.99101400000000 116.311693000000010
39.99101000000000 116.311915000000000
39.99103300000000 116.312107000000000
39.99105500000000 116.312282000000000
39.99105800000000 116.312473000000000
39.99103200000000 116.312665999999990
39.99102400000000 116.312853000000000
39.99102200000000 116.313047000000000
39.99101800000000 116.313244000000000
39.99101600000000 116.313469000000000
39.99103500000000 116.313681000000000
39.99106300000000 116.313840000000000
39.99107200000000 116.314030000000000
39.99106800000000 116.314209000000010
39.99109500000000 116.314385000000000
39.99111300000000 116.314595999999990
39.99112800000000 116.314797000000000
39.99112700000000 116.315003000000000
39.99114800000000 116.315192999999990
39.99117600000000 116.315342000000000
39.99121500000000 116.315529000000000
39.99120900000000 116.315642999999990
39.99119100000000 116.315790000000010
39.99118800000000 116.315957999999990
39.99118900000000 116.316171999999990
39.99118600000000 116.316381000000010
39.99119400000000 116.316575000000000
39.99120800000000 116.316756000000000
39.99122000000000 116.316999000000000
39.99119700000000 116.317235000000000
39.99118300000000 116.317452000000000
39.99116400000000 116.317661000000000
39.99118700000000 116.317874000000000
39.99117900000000 116.318083000000000
39.99113200000000 116.318231000000000
39.99116900000000 116.318479999999990
39.99118300000000 116.318691000000000
39.99120400000000 116.318904000000000
39.99120100000000 116.319098000000000
39.99119400000000 116.319315000000000
39.99118700000000 116.319490000000000
39.99120600000000 116.319683000000000
39.99123900000000 116.319866000000000
39.99125800000000 116.320061999999990
39.99128200000000 116.320255000000000
39.99128800000000 116.320445000000010
39.99130800000000 116.320622000000000
39.99132500000000 116.320803000000000
39.99135200000000 116.321001999999990
39.99138200000000 116.321179000000000
39.99138800000000 116.321383999999990
39.99138900000000 116.321583000000000
39.99136800000000 116.321736000000000
39.99141000000000 116.321873999999990
39.99141200000000 116.322004000000010
39.99140600000000 116.322176000000000
39.99140300000000 116.322295999999990
39.99140100000000 116.322436000000000
39.99147700000000 116.322667999999990
39.99159100000000 116.322784000000000
39.99171600000000 116.322778000000000
39.99186300000000 116.322774000000000
39.99200700000000 116.322784000000000
39.99220100000000 116.322812000000000
39.99236500000000 116.322800000000000
39.99245600000000 116.322796999999990
39.99260000000000 116.322810000000000
39.99277700000000 116.322891000000000
39.99288300000000 116.322891000000000
39.99300100000000 116.322712999999990
39.99307700000000 116.322616999999990
39.99322200000000 116.322650999999990
39.99342900000000 116.322760000000000
39.99353500000000 116.322744000000000
39.99364000000000 116.322658000000000
39.99379600000000 116.322579000000000
39.99405500000000 116.322804000000000
39.99417500000000 116.322829000000000
39.99427600000000 116.322785999999990
39.99447100000000 116.322762999999990
39.99464800000000 116.322723000000000
39.99481000000000 116.322641000000000
39.99494600000000 116.322625000000000
39.99509300000000 116.322620000000000
39.99523500000000 116.322605999999990
39.99539200000000 116.322607000000000
39.99556700000000 116.322533000000010
39.99571800000000 116.322520000000000
39.99585200000000 116.322517000000000
39.99599300000000 116.322556000000010
39.99611000000000 116.322543999999990
39.99623400000000 116.322552000000000
39.99639200000000 116.322481000000000
39.99653400000000 116.322464000000000
39.99663200000000 116.322425000000000
39.99664500000000 116.322412000000000
39.99672500000000 116.322348000000010
39.99688100000000 116.322337000000000
39.99708100000000 116.322428000000000
39.99727700000000 116.322428000000000
39.99759200000000 116.322314000000010
39.99775000000000 116.322301000000000
39.99786500000000 116.322317000000000
39.99798800000000 116.322310000000000
39.99815100000000 116.322261000000000
39.99830700000000 116.322267999999990
39.99845200000000 116.322236000000000
39.99860300000000 116.322225000000000
39.99875300000000 116.322225000000000
39.99889500000000 116.322254000000000
39.99907800000000 116.322196000000010
39.99921800000000 116.322176000000000
39.99936400000000 116.322160999999990
39.99948400000000 116.322148000000000
39.99960700000000 116.322177999999990
39.99960200000000 116.322323999999990
39.99960300000000 116.322434000000000
39.99958600000000 116.322587000000000
39.99957300000000 116.322760000000000
39.99957200000000 116.322931999999990
39.99956500000000 116.323134000000000
39.99956900000000 116.323280000000000
39.99957500000000 116.323448000000000
39.99956800000000 116.323605000000000
39.99955800000000 116.323605000000000
39.99958100000000 116.323732000000010
39.99965300000000 116.324068999999990
39.99967800000000 116.324258000000000
39.99964600000000 116.324405000000000
39.99967600000000 116.324451999999990
39.99967800000000 116.324453000000010
39.99968200000000 116.324455000000000
39.99968200000000 116.324455000000000
39.99967600000000 116.324456000000000
39.99964100000000 116.324510000000000
39.99966200000000 116.324481000000010
39.99965100000000 116.324477000000000
39.99966400000000 116.324493000000000
39.99968400000000 116.324511000000000
39.99968400000000 116.324511000000000
39.99967800000000 116.324511000000000
39.99966700000000 116.324512000000000
39.99965500000000 116.324513000000000
39.99970300000000 116.324496000000000
39.99956000000000 116.324498000000010
39.99950600000000 116.324545000000000
39.99951600000000 116.324530999999990
39.99956700000000 116.324478000000000
39.99957300000000 116.324600000000000
39.99953800000000 116.324639000000000
39.99959800000000 116.324684000000000
39.99966600000000 116.324721999999990
39.99972900000000 116.324800999999990
39.99976900000000 116.324886000000010
40.00477500000000 116.320158000000010
40.00478300000000 116.320387999999990
40.00479900000000 116.320545000000000
40.00483500000000 116.320683000000000
40.00485100000000 116.320835000000000
40.00486800000000 116.321010000000000
40.00484900000000 116.321153000000000
40.00487900000000 116.321276999999990
40.00496200000000 116.321318000000010
40.00508800000000 116.321280000000000
40.00525000000000 116.321260000000000
40.00545500000000 116.321389000000000
40.00562100000000 116.321455000000000
40.00573800000000 116.321490999999990
40.00588300000000 116.321518000000000
40.00605100000000 116.321521000000000
40.00617800000000 116.321462999999990
40.00633000000000 116.321461000000000
40.00648200000000 116.321473999999990
40.00663100000000 116.321459000000000
40.00681300000000 116.321447000000010
40.00697400000000 116.321454000000000
40.00712200000000 116.321395999999990
40.00723500000000 116.321355999999990
40.00741000000000 116.321395000000000
40.00757100000000 116.321412000000000
40.00771500000000 116.321414000000000
40.00786200000000 116.321426000000000
40.00803400000000 116.321437000000000
40.00817000000000 116.321440999999990
40.00833700000000 116.321425000000000
40.00851500000000 116.321421000000000
40.00866800000000 116.321445999999990
40.00878200000000 116.321443000000000
40.00884300000000 116.321385000000010
40.00888400000000 116.321402000000010
40.00895000000000 116.321449000000000
40.00900600000000 116.321502000000000
40.00902600000000 116.321564000000000
40.00901100000000 116.321623000000000
40.00902100000000 116.321625000000000
40.00902100000000 116.321625000000000
40.00902000000000 116.321631000000000
40.00901300000000 116.321659000000000
40.00892100000000 116.321484000000000
40.00858200000000 116.322216999999990
40.00848100000000 116.322440000000000
40.00849600000000 116.322406000000000
40.00888000000000 116.321628000000000
40.00898000000000 116.321586999999990
40.00898000000000 116.321544000000000
40.00898400000000 116.321524999999990
40.00898400000000 116.321524999999990
40.00898200000000 116.321517000000000
40.00895800000000 116.321457000000000
40.00897100000000 116.321436000000010
40.00902200000000 116.321434000000000
40.00902500000000 116.321374000000010
40.00903000000000 116.321397000000000
40.00906200000000 116.321462000000000
40.00908100000000 116.321485999999990
40.00908000000000 116.321479000000000
40.00908000000000 116.321479000000000
40.00908100000000 116.321481000000010
40.00908300000000 116.321490999999990
40.00909400000000 116.321520000000010
40.00907200000000 116.321585000000000
40.00908300000000 116.321467000000000
40.00908000000000 116.321442000000000
40.00908700000000 116.321453000000010
40.00906500000000 116.321479000000000
40.00907100000000 116.321517000000000
40.00907500000000 116.321560000000010
40.00910500000000 116.321616000000010
40.00908000000000 116.321560000000010
40.00903100000000 116.321490999999990
40.00899500000000 116.321406999999990
40.00899500000000 116.321406999999990
40.00899900000000 116.321412000000000
40.00899700000000 116.321399000000000
40.00899400000000 116.321389000000000
40.00899400000000 116.321389000000000
40.00899500000000 116.321392000000000
40.00923500000000 116.321472000000000
40.00926800000000 116.321445999999990
40.00927000000000 116.321447000000010
40.00927000000000 116.321447000000010
40.00927200000000 116.321451000000000
40.00928000000000 116.321473000000000
40.00927800000000 116.321470000000010
40.00924200000000 116.321445000000000
40.00918700000000 116.321430000000010
40.00909800000000 116.321437000000000
40.00904500000000 116.321485000000000
40.00900800000000 116.321449000000000
40.00899300000000 116.321501000000000
40.00901700000000 116.321558000000000
40.00899900000000 116.321511000000000
40.00899900000000 116.321511000000000
40.00899700000000 116.321518000000000
40.00899900000000 116.321537000000010
40.00902600000000 116.321518000000000
40.00900900000000 116.321499000000000
40.00900900000000 116.321499000000000
40.00901100000000 116.321506000000000
40.00901300000000 116.321522000000000
40.00901200000000 116.321575999999990
40.00903400000000 116.321569000000000
40.00903400000000 116.321569000000000
40.00903800000000 116.321575000000000
40.00902400000000 116.321614000000000
40.00901500000000 116.321526000000010
40.00899700000000 116.321432000000000
40.00899500000000 116.321455000000000
40.00899700000000 116.321485000000000
40.00903200000000 116.321510000000000
40.00907400000000 116.321479999999990
40.00910100000000 116.321530000000000
40.00915700000000 116.321596000000000
40.00921900000000 116.321657000000000
40.00924700000000 116.321721000000000
40.00927300000000 116.321781000000000
40.00931300000000 116.321871000000000
40.00934400000000 116.321952000000000
40.00935600000000 116.322007000000000
40.00938600000000 116.322103000000000
40.00935600000000 116.322121000000000
40.00935300000000 116.322135000000000
40.00931900000000 116.322152000000000
40.00939400000000 116.322162000000010
40.00939900000000 116.322179000000010
40.00934400000000 116.322190000000010
40.00934200000000 116.322177000000000
40.00931800000000 116.322190000000010
40.00928700000000 116.322205999999990
40.00927000000000 116.322220000000000
40.00935100000000 116.321916000000000
40.00933600000000 116.321838000000000
40.00933100000000 116.321811000000000
40.00931400000000 116.321822999999990
40.00931400000000 116.321833000000000
40.00931600000000 116.321850000000000
40.00942800000000 116.320888000000000
40.00885400000000 116.321493000000000
40.00884800000000 116.321349000000000
40.00887400000000 116.321160000000010
40.00885200000000 116.321109000000010
40.00878600000000 116.321037000000000
40.00876700000000 116.321012000000000
40.00873500000000 116.320977000000000
40.00869400000000 116.320964000000000
40.00866500000000 116.320937000000000
40.00863500000000 116.320886000000000
40.00861200000000 116.320830000000000
40.00859100000000 116.320800000000010
40.00857400000000 116.320772000000010
40.00852100000000 116.320688000000000
40.00847100000000 116.320669000000000
40.00841900000000 116.320654000000000
40.00836200000000 116.320618999999990
40.00834800000000 116.320573000000000
40.00830900000000 116.320547000000000
40.00828100000000 116.320543000000000
40.00823400000000 116.320499000000000
40.00816300000000 116.320473000000010
40.00812900000000 116.320418000000000
40.00812100000000 116.320359000000000
40.00806900000000 116.320335000000000
40.00802700000000 116.320308999999990
40.00801000000000 116.320286999999990
40.00795900000000 116.320241000000000
40.00794700000000 116.320238000000000
40.00787900000000 116.320237000000010
40.00782600000000 116.320239000000000
40.00781800000000 116.320239000000000
40.00781800000000 116.320239000000000
40.00781900000000 116.320240000000000
40.00781700000000 116.320230000000000
40.00783400000000 116.320181000000010
40.00776100000000 116.320093000000000
40.00766100000000 116.319986000000000
40.00762300000000 116.319953000000000
40.00762300000000 116.319953000000000
40.00762100000000 116.319950000000010
40.00757500000000 116.319869999999990
40.00755100000000 116.319732000000000
40.00752600000000 116.319650000000000
40.00746800000000 116.319517000000000
40.00746500000000 116.319506000000000
40.00746200000000 116.319492999999990
40.00745900000000 116.319436000000000
40.00745300000000 116.319402999999990
40.00745400000000 116.319391000000000
40.00747400000000 116.319376000000010
40.00750000000000 116.319363999999990
40.00752400000000 116.319357000000000
40.00752400000000 116.319321000000000
40.00751700000000 116.319312000000000
40.00755100000000 116.319306999999990
40.00755100000000 116.319306999999990
40.00755500000000 116.319312999999990
40.00759000000000 116.319340000000000
40.00761000000000 116.319355000000000
40.00761500000000 116.319368999999990
40.00762100000000 116.319385000000000
40.00764400000000 116.319402999999990
40.00766300000000 116.319417000000000
40.00766300000000 116.319417000000000
40.00766900000000 116.319413999999990
40.00766100000000 116.319384000000000
40.00765400000000 116.319321000000000
40.00765400000000 116.319266000000000
40.00767000000000 116.319215000000000
40.00769400000000 116.319181000000000
40.00769900000000 116.319151000000010
40.00727200000000 116.319756000000000
40.00733100000000 116.319657000000010
40.00742800000000 116.319432000000010
40.00739500000000 116.319354000000000
40.00744700000000 116.319379000000000
40.00747900000000 116.319371000000000
40.00751600000000 116.319316000000000
40.00757500000000 116.319238000000000
40.00728800000000 116.319087999999990
40.00728800000000 116.319087999999990
40.00728400000000 116.319084000000000
40.00729800000000 116.319036000000000
40.00736500000000 116.319030000000000
40.00741600000000 116.319007000000000
40.00748200000000 116.318957000000000
40.00754800000000 116.318852000000010
40.00762700000000 116.318775000000000
40.00771800000000 116.318704999999990
40.00780800000000 116.318623000000000
40.00787700000000 116.318546000000000
40.00794500000000 116.318487000000000
40.00803000000000 116.318444000000000
40.00812500000000 116.318365000000000
40.00821500000000 116.318248000000000
40.00816800000000 116.318293000000000
40.00801500000000 116.318471000000000
40.00804900000000 116.318444000000000
40.00806400000000 116.318380000000000
40.00811800000000 116.318326000000000
40.00819700000000 116.318275000000000
40.00828900000000 116.318251000000000
40.00830500000000 116.318267000000010
40.00827600000000 116.318338999999990
40.00818400000000 116.318473999999990
40.00807100000000 116.318568000000000
40.00795400000000 116.318639000000000
40.00788400000000 116.318684000000000
40.00786700000000 116.318699000000000
40.00783500000000 116.318706000000010
40.00771700000000 116.318842000000000
40.00772600000000 116.318826000000000
40.00772100000000 116.318792000000000
40.00775300000000 116.318741000000000
40.00780300000000 116.318672000000010
40.00785200000000 116.318565000000010
40.00792500000000 116.318494000000000
40.00801900000000 116.318455000000000
40.00697700000000 116.319607000000000
40.00720300000000 116.319334000000000
40.00735000000000 116.319131000000000
40.00750400000000 116.318956000000000
40.00761100000000 116.318793000000000
40.00777300000000 116.318650000000010
40.00796600000000 116.318540000000000
40.00739900000000 116.319120000000000
40.00741100000000 116.319124000000000
40.00744000000000 116.319090000000000
40.00749600000000 116.319085000000000
40.00754000000000 116.319090000000000
40.00761900000000 116.319094000000010
40.00764800000000 116.319041000000000
40.00768100000000 116.318962000000000
40.00772400000000 116.318892000000010
40.00776600000000 116.318825000000000
40.00780900000000 116.318799000000000
40.00784900000000 116.318754000000000
40.00790500000000 116.318690000000000
40.00787800000000 116.318783999999990
40.00761600000000 116.318862999999990
40.00769200000000 116.318817000000000
40.00779400000000 116.318827000000000
40.00789800000000 116.318828999999990
40.00798100000000 116.318788000000000
40.00800900000000 116.318763000000000
40.00803100000000 116.318755999999990
40.00805500000000 116.318753000000000
40.00823700000000 116.318816000000000
40.00830600000000 116.318941000000000
40.00828300000000 116.318897000000010
40.00830000000000 116.318935999999990
40.00764500000000 116.319453999999990
40.00758200000000 116.319408999999990
40.00758100000000 116.319385000000000
40.00761200000000 116.319402999999990
40.00769400000000 116.319429000000000
40.00777800000000 116.319475000000000
40.00787600000000 116.319505000000010
40.00797400000000 116.319529000000000
40.00809600000000 116.319537000000000
40.00819600000000 116.319548999999990
40.00829200000000 116.319591000000000
40.00836900000000 116.319618000000010
40.00842100000000 116.319597000000000
40.00845200000000 116.319548000000000
40.00850300000000 116.319525000000000
40.00854400000000 116.319490000000000
40.00860100000000 116.319481999999990
40.00861700000000 116.319483000000010
40.00861700000000 116.319483000000010
40.00862500000000 116.319489000000000
40.00864000000000 116.319488000000010
40.00864500000000 116.319484000000000
40.00864500000000 116.319484000000000
40.00864900000000 116.319481000000000
40.00866900000000 116.319455000000000
40.00674700000000 116.318549000000000
40.00674700000000 116.318549000000000
40.00675500000000 116.318544000000000
40.00674200000000 116.318571000000010
40.00674400000000 116.318560000000010
40.00674500000000 116.318572000000000
40.00674500000000 116.318580999999990
40.00673900000000 116.318568000000000
40.00672200000000 116.318548000000010
40.00671900000000 116.318565000000010
40.00672400000000 116.318625000000000
40.00674500000000 116.318817000000000
40.00671500000000 116.318884000000000
40.00672100000000 116.318965000000010
40.00675300000000 116.319072000000010
40.00678500000000 116.319175000000000
40.00681000000000 116.319239000000000
40.00684900000000 116.319286000000010
40.00681100000000 116.319309000000000
40.00678900000000 116.319351000000000
40.00679100000000 116.319398000000010
40.00682800000000 116.319424000000000
40.00687200000000 116.319419000000000
40.00689300000000 116.319381000000010
40.00697500000000 116.319294000000000
40.00745700000000 116.319674000000010
40.00745700000000 116.319674000000010
40.00745800000000 116.319676000000000
40.00747900000000 116.319695000000000
40.00757200000000 116.319785999999990
40.00758200000000 116.319816000000000
40.00762100000000 116.319834000000000
40.00762900000000 116.319890000000000
40.00763400000000 116.319965999999990
40.00764600000000 116.320049999999990
40.00766000000000 116.320119000000010
40.00768600000000 116.320243000000000
40.00774800000000 116.320301000000000
40.00780200000000 116.320389000000010
40.00781900000000 116.320364000000000
40.00785300000000 116.320342999999990
40.00791200000000 116.320328000000000
40.00797800000000 116.320325000000000
40.00799900000000 116.320339000000000
40.00803600000000 116.320393999999990
40.00812500000000 116.320486000000000
40.00817200000000 116.320571000000000
40.00818200000000 116.320646000000000
40.00822600000000 116.320738000000010
40.00823600000000 116.320809999999990
40.00830600000000 116.320851000000000
40.00837300000000 116.320857000000000
40.00841800000000 116.320871999999990
40.00846000000000 116.320864000000000
40.00850700000000 116.320918000000010
40.00853500000000 116.320997000000010
40.00856500000000 116.321079000000000
40.00861900000000 116.321168000000000
40.00866300000000 116.321248999999990
40.00868400000000 116.321297000000000
40.00872400000000 116.321395000000000
40.00877600000000 116.321462000000000
40.00880400000000 116.321504000000000
40.00883900000000 116.321516000000000
40.00887900000000 116.321555000000000
40.00889100000000 116.321571000000010
40.00887300000000 116.321614999999990
40.00885800000000 116.321676999999990
40.00886400000000 116.321766000000000
40.00887000000000 116.321858000000010
40.00886400000000 116.321933000000000
40.00886200000000 116.322008999999990
40.00885500000000 116.322087000000000
40.00887300000000 116.322143999999990
40.00887400000000 116.322233999999990
40.00886900000000 116.322306000000000
40.00883500000000 116.322331000000010
40.00881400000000 116.322311000000000
40.00881300000000 116.322300000000000
40.00881300000000 116.322300000000000
40.00882100000000 116.322297000000010
40.00883300000000 116.322297000000010
40.00884200000000 116.322298000000000
40.00876100000000 116.323722000000000
40.00876500000000 116.323690000000000
40.00865000000000 116.323111999999990
40.00878600000000 116.322740999999990
40.00888900000000 116.322551000000000
40.00896200000000 116.322462000000000
40.00898800000000 116.322356000000000
40.00906800000000 116.322259000000000
40.00910700000000 116.322177000000000
40.00908600000000 116.322087999999990
40.00892900000000 116.321991999999990
40.00884900000000 116.321910000000000
40.00879900000000 116.321850000000000
40.00882700000000 116.321783999999990
40.00886200000000 116.321736000000000
40.00889800000000 116.321695000000010
40.00890100000000 116.321684000000000
40.00890500000000 116.321682999999990
40.00890500000000 116.321682999999990
40.00890500000000 116.321682000000000
40.00893400000000 116.321623000000000
40.00894500000000 116.321551000000000
40.00885100000000 116.321485000000000
40.00860700000000 116.321862000000000
40.00865200000000 116.322250999999990
40.00889700000000 116.321603000000000
40.00892800000000 116.321610000000010
40.00901300000000 116.321431000000000
40.00902700000000 116.321399000000000
40.00906400000000 116.321326000000000
40.00917200000000 116.321211000000010
40.00920400000000 116.321130000000000
40.00924300000000 116.321050000000000
40.00926900000000 116.320978000000000
40.00932800000000 116.320887000000000
40.00830400000000 116.319875999999990
40.00841300000000 116.319962000000000
40.00717100000000 116.319458000000000
40.00720900000000 116.319484000000000
40.00728700000000 116.319590000000010
40.00736600000000 116.319727000000000
40.00742900000000 116.319873000000000
40.00749900000000 116.320013000000000
40.00751400000000 116.320165000000000
40.00757800000000 116.320176000000000
40.00769400000000 116.320214000000010
40.00773900000000 116.320357000000000
40.00783400000000 116.320544000000000
40.00790700000000 116.320708000000000
40.00794100000000 116.320860999999990
40.00798900000000 116.320989000000000
40.00813100000000 116.321040999999990
40.00831600000000 116.321118000000000
40.00848600000000 116.321152000000000
40.00861000000000 116.321191000000000
40.00871600000000 116.321251000000000
40.00881600000000 116.321301000000010
40.00887500000000 116.321349000000000
40.00891200000000 116.321366000000000
40.00891200000000 116.321366000000000
40.00891500000000 116.321366000000000
40.00892100000000 116.321375000000000
40.00893100000000 116.321385000000010
40.00894000000000 116.321394000000000
40.00894800000000 116.321400999999990
40.00895100000000 116.321405000000000
40.00895100000000 116.321405000000000
40.00895100000000 116.321408000000010
40.00894600000000 116.321438000000000
40.00895400000000 116.321506000000000
40.00894300000000 116.321554000000010
40.00892400000000 116.321590000000000
40.00896800000000 116.321513999999990
40.00899900000000 116.321465000000000
40.00901900000000 116.321433000000000
40.00905200000000 116.321394000000000
40.00908500000000 116.321351000000010
40.00908600000000 116.321348000000000
40.00908600000000 116.321346000000010
40.00908900000000 116.321346000000010
40.00908900000000 116.321344999999990
40.00908900000000 116.321346000000010
40.00908800000000 116.321346000000010
40.00908700000000 116.321347000000000
40.00908800000000 116.321346000000010
40.00908900000000 116.321344000000000
40.00909000000000 116.321341000000000
40.00908800000000 116.321344000000000
40.00908600000000 116.321346000000010
40.00908400000000 116.321349000000000
40.00908400000000 116.321349000000000
40.00907700000000 116.321355999999990
40.00905500000000 116.321386000000000
40.00900100000000 116.321460000000000
40.00897100000000 116.321519000000000
40.00892300000000 116.321580999999990
40.00885900000000 116.321706000000010
40.00880900000000 116.321794000000000
40.00877900000000 116.321862000000000
40.00875500000000 116.321897000000010
40.00875500000000 116.321917000000000
40.00873900000000 116.321948000000010
40.00872700000000 116.321974999999990
40.00870800000000 116.321995000000000
40.00870000000000 116.322014999999990
40.00895100000000 116.322053999999990
40.00896500000000 116.322109000000000
40.00902500000000 116.322134000000010
40.00919900000000 116.322216999999990
40.00927900000000 116.322252000000010
40.00931400000000 116.322339000000000
40.00930000000000 116.322406000000000
40.00923100000000 116.322458999999990
40.00909400000000 116.322483000000010
40.00896800000000 116.322436999999990
40.00890500000000 116.322394000000000
40.00884500000000 116.322382000000000
40.00876400000000 116.322373000000000
40.00873500000000 116.322402000000000
40.00873500000000 116.322402000000000
40.00872700000000 116.322400000000000
40.00869700000000 116.322429000000000
40.00869400000000 116.322430999999990
40.00869400000000 116.322432000000010
40.00869700000000 116.322433000000000
40.00869700000000 116.322433000000000
40.00869500000000 116.322432000000010
40.00868500000000 116.322427000000000
40.00864900000000 116.322456000000000
40.00863300000000 116.322464000000000
40.00863300000000 116.322464000000000
40.00863400000000 116.322467000000000
40.00864400000000 116.322469000000000
40.00864300000000 116.322468000000000
40.00864400000000 116.322467000000000
40.00864400000000 116.322467000000000
40.00864400000000 116.322467000000000
40.00865000000000 116.322455000000010
40.00867800000000 116.322475000000000
40.00870700000000 116.322496000000000
40.00873400000000 116.322494000000010
40.00874200000000 116.322460000000010
40.00872900000000 116.322438000000010
40.00872600000000 116.322436000000000
40.00872600000000 116.322436000000000
40.00872000000000 116.322439000000000
40.00870300000000 116.322436000000000
40.00868600000000 116.322443000000010
40.00867900000000 116.322453999999990
40.00867900000000 116.322466000000010
40.00867900000000 116.322475999999990
40.00867600000000 116.322481000000000
40.00867600000000 116.322481000000000
40.00867100000000 116.322488000000010
40.00866500000000 116.322498999999990
40.00867300000000 116.322483000000010
40.00869300000000 116.322461000000000
40.00872500000000 116.322421000000010
40.00872500000000 116.322421000000010
40.00873200000000 116.322419000000000
40.00873600000000 116.322397000000000
40.00872300000000 116.322384000000000
40.00871800000000 116.322383000000000
40.00871800000000 116.322383000000000
40.00871900000000 116.322384000000000
40.00871400000000 116.322383000000000
40.00871200000000 116.322382000000000
40.00871100000000 116.322382000000000
40.00871100000000 116.322382000000000
40.00871400000000 116.322384000000000
40.00871500000000 116.322396000000000
40.00871000000000 116.322400000000000
40.00871000000000 116.322400000000000
40.00871200000000 116.322402000000000
40.00872200000000 116.322417000000000
40.00872300000000 116.322419999999990
40.00873000000000 116.322421000000010
40.00873000000000 116.322421000000010
40.00873500000000 116.322416000000000
40.00874900000000 116.322429000000000
40.00875700000000 116.322453000000000
40.00879100000000 116.322436999999990
40.00880000000000 116.322416000000000
40.00880700000000 116.322382000000000
40.00881300000000 116.322378000000000
40.00880700000000 116.322376000000010
40.00880400000000 116.322379000000000
40.00880100000000 116.322380999999990
40.00880000000000 116.322383000000000
40.00880000000000 116.322383000000000
40.00880500000000 116.322388000000000
40.00880600000000 116.322412000000000
40.00880900000000 116.322413999999990
40.00880300000000 116.322408000000000
40.00880300000000 116.322408000000000
40.00880200000000 116.322402000000000
40.00877200000000 116.322417000000000
40.00877300000000 116.322411000000000
40.00876300000000 116.322406000000000
40.00876300000000 116.322406000000000
40.00876400000000 116.322413999999990
40.00876800000000 116.322393000000010
40.00876500000000 116.322390000000000
40.00876500000000 116.322390000000000
40.00876800000000 116.322390000000000
40.00874200000000 116.322304000000000
40.00872200000000 116.322292000000000
40.00871500000000 116.322265000000000
40.00870200000000 116.322221000000000
40.00869200000000 116.322194000000000
40.00867100000000 116.322162000000010
40.00896300000000 116.322993999999990
40.00871600000000 116.322254000000000
40.00882900000000 116.322250999999990
40.00874500000000 116.322171999999990
40.00871000000000 116.322158000000000
40.00876800000000 116.322216999999990
40.00879500000000 116.322318999999990
40.00881800000000 116.322352000000000
40.00885100000000 116.322365000000000
40.00882100000000 116.322432000000010
40.00890700000000 116.322517000000000
40.00892700000000 116.322489000000000
40.00892000000000 116.322484000000000
40.00891900000000 116.322484000000000
40.00891900000000 116.322484000000000
40.00892700000000 116.322487000000000
40.00894600000000 116.322495000000000
40.00895300000000 116.322500000000010
40.00894700000000 116.322496000000000
40.00894200000000 116.322495000000000
40.00894300000000 116.322494000000010
40.00894600000000 116.322494000000010
40.00895100000000 116.322494000000010
40.00895600000000 116.322492999999990
40.00896000000000 116.322492000000000
40.00896300000000 116.322492999999990
40.00896400000000 116.322494000000010
40.00896700000000 116.322494000000010
40.00897200000000 116.322495000000000
40.00897700000000 116.322496000000000
40.00898100000000 116.322497000000000
40.00898200000000 116.322492000000000
40.00898700000000 116.322488000000010
40.00899300000000 116.322486000000000
40.00899800000000 116.322484000000000
40.00900100000000 116.322490000000000
40.00900100000000 116.322490000000000
40.00900500000000 116.322490000000000
40.00900100000000 116.322503000000000
40.00900100000000 116.322503000000000
40.00900700000000 116.322505000000010
40.00905300000000 116.322478000000000
40.00911200000000 116.322452000000000
40.00921100000000 116.322405000000000
40.00931100000000 116.322357999999990
40.00941500000000 116.322349000000000
40.00946400000000 116.322312999999990
40.00942400000000 116.322241000000010
40.00940300000000 116.322183000000000
40.00932900000000 116.322155000000000
40.00929800000000 116.322086000000000
40.00925600000000 116.322052000000000
40.00919100000000 116.322007000000000
40.00916200000000 116.321960000000000
40.00916700000000 116.321946000000000
40.00914400000000 116.321887000000000
40.00910800000000 116.321798000000000
40.00903800000000 116.321719000000000
40.00893000000000 116.321665999999990
40.00884800000000 116.321644000000010
40.00880900000000 116.321614999999990
40.00877300000000 116.321572000000000
40.00872500000000 116.321582000000010
40.00871000000000 116.321586000000000
40.00913400000000 116.321215000000000
40.00919900000000 116.321111000000000
40.00921500000000 116.321158000000000
40.00920900000000 116.321162000000000
39.90741400000000 116.370017000000000
39.90737400000000 116.370074000000000
39.90702700000000 116.370360000000010
39.90700600000000 116.370414999999990
39.90701400000000 116.370454000000000
39.90700800000000 116.370534000000010
39.90693600000000 116.370624000000010
39.90680600000000 116.370794000000000
39.90679300000000 116.370909000000000
39.90679500000000 116.370958000000000
39.90676900000000 116.371028999999990
39.90681300000000 116.371056000000000
39.90686400000000 116.371095000000000
39.90689100000000 116.371140999999990
39.90689600000000 116.371178000000000
39.90691400000000 116.371251000000000
39.90690000000000 116.371313000000000
39.90691000000000 116.371375000000000
39.90692500000000 116.371432000000000
39.90693200000000 116.371477000000000
39.90695900000000 116.371526000000000
39.90699200000000 116.371584000000000
39.90700500000000 116.371673000000000
39.90699600000000 116.371748000000000
39.90699600000000 116.371831000000000
39.90701800000000 116.371876000000000
39.90705400000000 116.371889999999990
39.90709700000000 116.371898000000000
39.90715400000000 116.371955000000000
39.90717300000000 116.371999000000000
39.90721600000000 116.372037000000010
39.90722800000000 116.372080999999990
39.90724500000000 116.372125999999990
39.90725000000000 116.372225000000000
39.90723400000000 116.372296000000010
39.90722500000000 116.372367999999990
39.90719900000000 116.372445000000000
39.90715700000000 116.372502000000000
39.90713700000000 116.372553000000000
39.90719400000000 116.372598999999990
39.90721700000000 116.372634000000010
39.90722600000000 116.372669000000000
39.90725000000000 116.372718000000010
39.90723100000000 116.372795999999990
39.90725900000000 116.372845000000000
39.90726100000000 116.372906000000000
39.90722700000000 116.372973000000000
39.90722500000000 116.373009000000000
39.90721500000000 116.373040000000000
39.90724000000000 116.373096000000000
39.90729400000000 116.373124000000000
39.90731300000000 116.373163000000010
39.90739100000000 116.373175000000000
39.90742200000000 116.373195000000000
39.90743400000000 116.373237000000000
39.90742900000000 116.373304000000000
39.90746000000000 116.373375000000000
39.90745900000000 116.373452000000000
39.90748000000000 116.373520000000000
39.90748700000000 116.373566000000000
39.90634500000000 116.374616000000000
39.90628100000000 116.374711000000000
39.90622900000000 116.374798000000000
39.90626000000000 116.374855999999990
39.90624800000000 116.374961000000000
39.90619600000000 116.374992000000010
39.90618700000000 116.375031000000010
39.90620900000000 116.375072000000000
39.90621900000000 116.375111000000000
39.90621000000000 116.375135000000000
39.90621100000000 116.375148000000000
39.90614700000000 116.375258000000000
39.90613300000000 116.375283999999990
39.90613400000000 116.375300000000000
39.90612200000000 116.375350999999990
39.90612900000000 116.375407999999990
39.90614300000000 116.375460000000000
39.90613300000000 116.375547000000000
39.90612600000000 116.375615999999990
39.90613000000000 116.375697000000000
39.90612300000000 116.375791000000010
39.90611300000000 116.375868000000000
39.90611500000000 116.375911000000000
39.90611600000000 116.375950000000000
39.90614100000000 116.375975999999990
39.90612900000000 116.376023000000000
39.90610800000000 116.376071000000000
39.90611400000000 116.376116000000000
39.90613300000000 116.376161000000000
39.90614000000000 116.376193000000000
39.90613200000000 116.376237000000000
39.90611800000000 116.376313000000000
39.90611100000000 116.376416000000010
39.90611200000000 116.376499999999990
39.90610600000000 116.376565000000000
39.90609500000000 116.376628000000000
39.90611200000000 116.376701000000000
39.90608800000000 116.376780999999990
39.90606600000000 116.376862000000000
39.90605200000000 116.376876000000000
39.90604600000000 116.376898999999990
39.90604400000000 116.376991000000000
39.90604200000000 116.377071000000000
39.90604400000000 116.377138000000000
39.90603900000000 116.377191999999990
39.90605600000000 116.377269000000000
39.90607900000000 116.377318000000000
39.90608500000000 116.377388000000000
39.90609500000000 116.377438000000000
39.90610000000000 116.377517999999990
39.90610800000000 116.377585000000000
39.90610000000000 116.377650000000000
39.90609100000000 116.377708000000000
39.90609000000000 116.377774000000000
39.90608300000000 116.377838999999990
39.90609600000000 116.377885000000010
39.90608800000000 116.377939000000000
39.90604600000000 116.378018000000000
39.90601500000000 116.378108000000000
39.90601500000000 116.378190000000000
39.90601700000000 116.378269000000000
39.90600700000000 116.378339999999990
39.90601700000000 116.378412999999990
39.90603000000000 116.378507000000000
39.90605900000000 116.378572000000010
39.90607000000000 116.378609999999990
39.90608700000000 116.378654000000000
39.90607500000000 116.378703000000000
39.90606100000000 116.378761000000000
39.90607300000000 116.378816000000000
39.90606000000000 116.378871000000000
39.90604700000000 116.378924000000000
39.90602200000000 116.378986000000000
39.90601600000000 116.379067000000010
39.90600300000000 116.379130000000000
39.90601000000000 116.379199000000000
39.90600500000000 116.379238000000000
39.90600900000000 116.379315000000010
39.90601700000000 116.379386999999990
39.90601200000000 116.379469000000000
39.90603400000000 116.379531000000000
39.90608800000000 116.379576000000000
39.90609800000000 116.379594000000000
39.90611300000000 116.379642000000000
39.90611400000000 116.379673999999990
39.90610200000000 116.379703000000010
39.90610100000000 116.379724000000000
39.90610100000000 116.379724000000000
39.90610600000000 116.379730000000000
39.90613500000000 116.379730000000000
39.90614300000000 116.379773000000000
39.90610900000000 116.379873000000000
39.90611400000000 116.379932000000000
39.90611300000000 116.379994000000000
39.90612500000000 116.380064000000000
39.90611400000000 116.380128000000000
39.90615800000000 116.380170000000010
39.90617200000000 116.380227000000000
39.90616600000000 116.380291000000000
39.90615900000000 116.380353000000000
39.90615400000000 116.380416999999990
39.90617900000000 116.380450000000000
39.90617200000000 116.380527000000000
39.90615600000000 116.380632000000010
39.90614200000000 116.380695000000000
39.90613200000000 116.380756000000010
39.90614200000000 116.380808000000000
39.90614300000000 116.380872999999990
39.90613300000000 116.380945999999990
39.90612000000000 116.381030000000000
39.90613800000000 116.381078000000000
39.90614000000000 116.381097000000000
39.90616500000000 116.381142999999990
39.90616500000000 116.381210000000000
39.90616700000000 116.381252000000000
39.90616100000000 116.381300000000000
39.90617000000000 116.381338000000000
39.90619100000000 116.381387000000000
39.90619800000000 116.381482000000010
39.90619100000000 116.381563000000000
39.90618400000000 116.381639000000010
39.90617000000000 116.381708000000000
39.90618700000000 116.381752000000010
39.90619200000000 116.381806999999990
39.90621100000000 116.381874000000000
39.90619600000000 116.381983000000010
39.90622900000000 116.382045000000010
39.90623800000000 116.382082999999990
39.90624900000000 116.382161999999990
39.90626000000000 116.382197000000010
39.90627000000000 116.382225000000010
39.90625700000000 116.382276000000000
39.90625400000000 116.382336000000000
39.90625100000000 116.382439000000010
39.90624500000000 116.382476999999990
39.90624700000000 116.382544999999990
39.90622700000000 116.382634999999990
39.90623700000000 116.382681000000010
39.90626400000000 116.382738000000000
39.90628700000000 116.382797999999990
39.90628800000000 116.382844000000010
39.90630000000000 116.382902000000000
39.90628200000000 116.382982000000000
39.90627900000000 116.383059000000000
39.90626900000000 116.383125000000010
39.90626300000000 116.383185000000000
39.90624800000000 116.383257000000000
39.90623200000000 116.383322000000010
39.90625200000000 116.383388999999990
39.90627000000000 116.383450000000000
39.90627900000000 116.383470000000000
39.90628000000000 116.383550000000000
39.90629400000000 116.383588000000000
39.90631500000000 116.383634000000000
39.90631700000000 116.383692000000000
39.90633000000000 116.383769000000000
39.90632900000000 116.383861999999990
39.90634300000000 116.383951000000000
39.90634600000000 116.384057000000000
39.90635700000000 116.384116000000010
39.90636700000000 116.384197000000000
39.90636900000000 116.384280000000000
39.90635900000000 116.384351000000000
39.90635600000000 116.384399000000000
39.90634400000000 116.384454000000010
39.90633800000000 116.384531000000000
39.90634700000000 116.384596000000000
39.90635400000000 116.384654000000000
39.90637200000000 116.384714000000000
39.90637700000000 116.384761000000000
39.90640100000000 116.384798000000000
39.90640500000000 116.384829000000000
39.90639600000000 116.384906000000000
39.90638000000000 116.384963000000000
39.90636600000000 116.385039000000010
39.90637700000000 116.385101000000010
39.90638500000000 116.385165000000000
39.90641500000000 116.385182000000000
39.90643700000000 116.385295000000000
39.90643100000000 116.385386000000000
39.90641500000000 116.385440000000000
39.90641400000000 116.385515000000000
39.90640700000000 116.385583999999990
39.90640800000000 116.385675000000010
39.90639600000000 116.385732000000000
39.90640800000000 116.385814999999990
39.90639300000000 116.385882000000000
39.90641300000000 116.385928000000010
39.90642400000000 116.385975000000000
39.90642700000000 116.386043000000000
39.90642900000000 116.386107999999990
39.90641100000000 116.386169000000000
39.90640000000000 116.386229000000000
39.90640800000000 116.386302000000000
39.90641800000000 116.386385000000000
39.90642100000000 116.386428000000000
39.90642100000000 116.386487000000000
39.90642000000000 116.386546999999990
39.90643600000000 116.386657000000000
39.90642800000000 116.386776000000000
39.90640600000000 116.386889999999990
39.90641700000000 116.386945999999990
39.90642200000000 116.387009000000010
39.90643100000000 116.387069999999990
39.90642600000000 116.387103999999990
39.90641700000000 116.387185000000000
39.90641200000000 116.387236000000000
39.90641200000000 116.387307000000010
39.90641300000000 116.387389000000000
39.90641000000000 116.387468000000000
39.90640600000000 116.387536999999990
39.90641500000000 116.387608000000000
39.90639700000000 116.387674000000000
39.90639600000000 116.387713000000010
39.90641200000000 116.387775000000000
39.90642700000000 116.387823999999990
39.90642000000000 116.387902000000000
39.90643200000000 116.387928000000000
39.90644700000000 116.387992000000000
39.90644900000000 116.388069000000000
39.90645300000000 116.388086000000000
39.90646300000000 116.388160000000000
39.90647000000000 116.388208000000010
39.90648100000000 116.388251999999990
39.90648000000000 116.388301000000000
39.90647900000000 116.388351000000000
39.90648000000000 116.388409000000000
39.90649200000000 116.388435000000000
39.90648800000000 116.388504000000000
39.90650200000000 116.388540000000010
39.90648800000000 116.388619000000010
39.90649300000000 116.388670000000000
39.90647800000000 116.388720000000010
39.90647900000000 116.388758999999990
39.90651000000000 116.388820999999990
39.90651300000000 116.388870999999990
39.90651600000000 116.388925000000000
39.90650400000000 116.389008000000000
39.90650500000000 116.389117000000000
39.90652100000000 116.389189000000000
39.90651500000000 116.389270999999990
39.90650300000000 116.389354000000000
39.90650800000000 116.389422000000000
39.90650800000000 116.389482000000000
39.90650700000000 116.389532000000000
39.90650800000000 116.389613000000000
39.90652500000000 116.389691000000000
39.90653500000000 116.389733000000010
39.90652300000000 116.389799999999990
39.90654800000000 116.389829000000010
39.90654900000000 116.389910000000000
39.90657500000000 116.389972000000000
39.90657200000000 116.390041000000000
39.90657700000000 116.390086000000000
39.90656600000000 116.390150000000010
39.90656300000000 116.390184000000000
39.90656700000000 116.390237000000000
39.90656100000000 116.390298000000000
39.90655200000000 116.390386000000010
39.90654300000000 116.390445000000000
39.90654800000000 116.390524000000000
39.90654500000000 116.390589000000010
39.90654100000000 116.390652000000000
39.90655400000000 116.390701000000010
39.90654000000000 116.390728999999990
39.90654000000000 116.390728999999990
39.90654200000000 116.390736000000000
39.90655100000000 116.390753000000000
39.90655200000000 116.390745999999990
39.90655200000000 116.390745999999990
39.90655700000000 116.390744000000000
39.90656400000000 116.390756000000000
39.90655800000000 116.390787000000000
39.90654100000000 116.390812000000000
39.90655300000000 116.390879000000000
39.90654500000000 116.390942999999990
39.90654300000000 116.391008000000000
39.90654900000000 116.391065000000000
39.90654200000000 116.391143000000000
39.90651500000000 116.391201000000000
39.90651700000000 116.391276000000000
39.90652300000000 116.391324999999990
39.90653300000000 116.391411000000010
39.90655100000000 116.391451000000000
39.90655300000000 116.391523000000010
39.90658000000000 116.391564000000000
39.90658500000000 116.391623000000000
39.90655800000000 116.391679999999990
39.90651700000000 116.391751000000000
39.90651200000000 116.391797999999990
39.90651100000000 116.391882000000000
39.90650900000000 116.391940000000010
39.90651100000000 116.391997000000000
39.90652200000000 116.392062000000000
39.90651300000000 116.392124000000000
39.90651800000000 116.392201000000000
39.90652100000000 116.392264000000000
39.90652400000000 116.392336000000000
39.90650200000000 116.392410000000000
39.90651100000000 116.392484999999990
39.90652100000000 116.392511000000000
39.90651800000000 116.392529000000000
39.90651900000000 116.392529999999990
39.90651900000000 116.392529999999990
39.90652100000000 116.392532000000000
39.90651700000000 116.392605000000000
39.90652300000000 116.392679000000000
39.90655300000000 116.392754999999990
39.90657700000000 116.392837000000000
39.90658400000000 116.392889000000000
39.90659000000000 116.392951999999990
39.90661000000000 116.393017000000000
39.90659400000000 116.393105000000010
39.90658300000000 116.393182000000000
39.90657600000000 116.393230000000000
39.90658700000000 116.393274000000010
39.90659000000000 116.393343000000000
39.90659100000000 116.393423000000000
39.90657800000000 116.393510000000010
39.90656400000000 116.393581000000000
39.90429200000000 116.394204000000000
39.90542100000000 116.393726000000000
39.90539600000000 116.393680000000000
39.90537000000000 116.393702000000000
39.90532900000000 116.393672000000000
39.90531300000000 116.393670000000000
39.90527200000000 116.393643999999990
39.90522100000000 116.393664000000000
39.90518700000000 116.393671000000000
39.90514400000000 116.393680000000000
39.90511000000000 116.393681000000000
39.90508300000000 116.393642000000000
39.90511000000000 116.393613000000000
39.90510500000000 116.393576000000000
39.90508200000000 116.393568000000000
39.90503800000000 116.393547000000000
39.90503300000000 116.393581999999990
39.90500400000000 116.393555000000010
39.90498500000000 116.393576000000000
39.90494000000000 116.393548999999990
39.90489800000000 116.393548000000000
39.90486000000000 116.393513000000000
39.90483800000000 116.393497999999990
39.90479800000000 116.393523000000000
39.90478500000000 116.393521000000010
39.90478500000000 116.393521000000010
39.90477800000000 116.393518000000000
39.90472800000000 116.393508000000000
39.90467400000000 116.393491000000000
39.90465700000000 116.393522000000000
39.90454600000000 116.393512000000000
39.90444900000000 116.393518000000000
39.90437300000000 116.393508999999990
39.90432200000000 116.393520000000000
39.90425500000000 116.393490000000000
39.90418600000000 116.393488000000000
39.90414900000000 116.393491000000000
39.90406300000000 116.393474000000000
39.90399600000000 116.393465000000010
39.90392500000000 116.393450000000000
39.90385000000000 116.393435999999990
39.90382900000000 116.393478000000000
39.90378300000000 116.393463000000000
39.90375700000000 116.393457000000000
39.90369300000000 116.393401000000000
39.90365300000000 116.393417000000000
39.90363800000000 116.393458999999990
39.90356600000000 116.393468000000000
39.90354100000000 116.393460000000000
39.90345600000000 116.393450000000000
39.90336800000000 116.393431000000010
39.90329800000000 116.393484000000000
39.90323900000000 116.393469999999990
39.90319000000000 116.393486000000000
39.90314200000000 116.393512000000000
39.90313800000000 116.393527000000010
39.90312400000000 116.393546000000000
39.90304500000000 116.393538000000010
39.90304400000000 116.393513000000000
39.90302800000000 116.393528000000000
39.90300500000000 116.393520000000000
39.90289600000000 116.393491999999990
39.90284500000000 116.393500000000000
39.90271200000000 116.393502000000000
39.90265500000000 116.393508999999990
39.90254300000000 116.393474000000000
39.90242400000000 116.393475000000000
39.90233400000000 116.393508000000000
39.90227700000000 116.393508000000000
39.90224600000000 116.393545000000000
39.90217800000000 116.393570000000000
39.90212600000000 116.393576999999990
39.90208700000000 116.393566000000010
39.90206600000000 116.393553999999990
39.90200100000000 116.393531000000000
39.90192000000000 116.393559000000000
39.90182100000000 116.393555000000010
39.90173900000000 116.393568000000000
39.90169000000000 116.393610000000000
39.90163000000000 116.393637000000000
39.90157800000000 116.393625000000000
39.90153200000000 116.393618000000000
39.90146200000000 116.393628000000010
39.90139800000000 116.393572000000010
39.90137200000000 116.393558000000000
39.90133100000000 116.393557000000000
39.90130800000000 116.393550000000000
39.90130700000000 116.393541000000000
39.90126800000000 116.393612000000000
39.90125000000000 116.393614000000000
39.90123800000000 116.393612000000000
39.90118400000000 116.393593999999990
39.90114700000000 116.393583000000010
39.90110900000000 116.393597000000000
39.90111800000000 116.393636000000000
39.90110600000000 116.393629000000000
39.90101600000000 116.393574000000000
39.90094300000000 116.393591000000000
39.90092100000000 116.393623000000010
39.90089500000000 116.393651000000010
39.90077300000000 116.393677000000000
39.90069800000000 116.393659000000000
39.90066300000000 116.393648000000000
39.90062600000000 116.393619000000000
39.90056300000000 116.393621000000000
39.90049600000000 116.393612000000000
39.90047900000000 116.393618000000000
39.90047600000000 116.393629000000000
39.90047600000000 116.393629000000000
39.90047900000000 116.393632999999990
39.90035200000000 116.393636000000000
39.90030100000000 116.393664000000000
39.90027500000000 116.393655999999990
39.90023600000000 116.393635000000000
39.90018900000000 116.393646000000000
39.90009900000000 116.393596000000000
39.90002200000000 116.393666999999990
39.89984500000000 116.393659000000000
39.89979300000000 116.393666000000000
39.89973600000000 116.393688000000000
39.89961000000000 116.393691000000000
39.89952400000000 116.393693000000000
39.89947500000000 116.393690000000010
39.89937900000000 116.393683000000000
39.89941000000000 116.393597000000000
39.89943800000000 116.393563000000000
39.89947600000000 116.393558000000000
39.89951500000000 116.393559000000000
39.89953800000000 116.393563000000000
39.89954700000000 116.393580000000000
39.89955800000000 116.393589000000010
39.89957800000000 116.393550000000000
39.89958700000000 116.393497000000000
39.89928300000000 116.393428000000000
39.89929700000000 116.393156000000000
39.89927000000000 116.393218000000000
39.89923900000000 116.393182999999990
39.89923800000000 116.393162000000000
39.89924400000000 116.393152000000000
39.89920800000000 116.393131999999990
39.89918100000000 116.393109000000000
39.89913100000000 116.393090000000000
39.89907800000000 116.393068000000000
39.89904400000000 116.393034000000000
39.89902300000000 116.392988000000000
39.89902300000000 116.392883000000000
39.89900500000000 116.392816999999990
39.89901600000000 116.392808000000000
39.89902200000000 116.392830000000000
39.89905900000000 116.392859000000000
39.89910000000000 116.392847000000000
39.89911200000000 116.392814000000000
39.89908100000000 116.392745000000010
39.89904900000000 116.392692999999990
39.89830700000000 116.392142000000010
39.89841600000000 116.392353000000000
39.89841700000000 116.392720999999990
39.89842200000000 116.392844000000000
39.89840500000000 116.392847000000000
39.89838400000000 116.392850999999990
39.89834500000000 116.392850999999990
39.89830500000000 116.392854000000000
39.89828000000000 116.392865000000000
39.89826100000000 116.392877000000000
39.89824100000000 116.392887000000000
39.89821900000000 116.392883000000000
39.89820900000000 116.392872999999990
39.89819700000000 116.392872999999990
39.89819700000000 116.392872999999990
39.89820500000000 116.392871000000000
39.89823700000000 116.392840000000010
39.89823800000000 116.392802000000000
39.89804500000000 116.392679000000000
39.89790700000000 116.392556000000000
39.89780000000000 116.392476000000000
39.89774200000000 116.392397000000000
39.89772000000000 116.392306000000000
39.89773500000000 116.392212000000000
39.89770300000000 116.392135000000000
39.89767200000000 116.392059000000000
39.89761500000000 116.392003000000000
39.89755100000000 116.391971000000000
39.89756700000000 116.391906000000010
39.89761000000000 116.391830000000000
39.89754100000000 116.391751000000000
39.89754000000000 116.391724000000000
39.89754200000000 116.391700000000000
39.89755300000000 116.391686000000010
39.89754600000000 116.391679000000000
39.89754600000000 116.391679000000000
39.89754700000000 116.391686000000010
39.89754900000000 116.391698000000010
39.89754900000000 116.391698000000010
39.89754200000000 116.391704000000000
39.89752400000000 116.391747000000000
39.89750500000000 116.391771000000010
39.89750500000000 116.391771000000010
39.89750700000000 116.391774000000000
39.89751200000000 116.391785000000000
39.89747800000000 116.391746000000000
39.89746600000000 116.391711000000000
39.89744500000000 116.391681000000010
39.89741900000000 116.391661000000000
39.89741900000000 116.391661000000000
39.89742200000000 116.391659000000000
39.89742600000000 116.391648000000000
39.89741600000000 116.391656000000000
39.89742800000000 116.391651000000000
39.89742900000000 116.391650000000000
39.89742900000000 116.391650000000000
39.89743400000000 116.391645000000000
39.89736200000000 116.391625000000000
39.89737200000000 116.391640000000000
39.89746200000000 116.391611999999990
39.89751800000000 116.391547000000000
39.89752700000000 116.391495000000010
39.89757500000000 116.391453000000000
39.89762000000000 116.391418000000000
39.89765800000000 116.391390000000000
39.89767300000000 116.391336999999990
39.89765700000000 116.391234000000000
39.89767500000000 116.391189000000000
39.89768700000000 116.391120000000000
39.89771700000000 116.391064000000000
39.89775100000000 116.390968000000000
39.89776400000000 116.390867000000000
39.89778000000000 116.390812999999990
39.89782000000000 116.390752000000010
39.89785700000000 116.390690000000010
39.89789000000000 116.390631000000000
39.89791800000000 116.390536999999990
39.89793800000000 116.390499000000010
39.89795100000000 116.390432000000000
39.89795800000000 116.390393000000000
39.89797500000000 116.390372000000000
39.89798500000000 116.390379999999990
39.89798300000000 116.390404000000000
39.89816800000000 116.390323000000000
39.89809400000000 116.390086999999990
39.89810700000000 116.389829000000010
39.89804300000000 116.389669000000000
39.89800300000000 116.389611000000000
39.89795600000000 116.389585999999990
39.89793400000000 116.389540000000000
39.89792200000000 116.389476000000000
39.89785600000000 116.389461999999990
39.89782900000000 116.389429000000010
39.89778900000000 116.389394000000000
39.89772500000000 116.389345000000010
39.89763600000000 116.389309000000000
39.89755200000000 116.389287999999990
39.89749300000000 116.389266000000010
39.89746000000000 116.389208000000000
39.89743300000000 116.389152000000000
39.89741500000000 116.389071000000000
39.89742400000000 116.389072000000000
39.89743400000000 116.389086000000010
39.89055300000000 116.388279999999990
39.88985000000000 116.388581000000000
39.88938700000000 116.388412000000000
39.88910700000000 116.387981999999990
39.88891900000000 116.387519000000000
39.88876600000000 116.387035000000000
39.88781100000000 116.358262000000000
39.88813500000000 116.357553000000000
39.88798500000000 116.357414000000010
39.88756300000000 116.357614000000000
39.88724400000000 116.357767000000000
39.88720500000000 116.357896999999990
39.88718300000000 116.358037999999990
39.88716000000000 116.358174000000010
39.88713400000000 116.358309000000010
39.88710400000000 116.358403999999990
39.88715700000000 116.358410000000010
39.88726400000000 116.358372000000000
39.88733500000000 116.358451000000000
39.88801500000000 116.350022000000000
39.88812900000000 116.349224000000010
39.88817500000000 116.348258000000000
39.88821700000000 116.347311000000000
39.88830100000000 116.346335000000000
39.88838900000000 116.345375000000000
39.88843000000000 116.344449999999990
39.88849000000000 116.343650999999990
39.88855100000000 116.343034000000000
39.88861000000000 116.342541999999990
39.88880700000000 116.342226000000000
39.88925300000000 116.342205000000010
39.88953700000000 116.342008000000010
39.88991200000000 116.342044000000000
39.89037700000000 116.342122000000000
39.89082700000000 116.342177000000010
39.89133600000000 116.342296000000000
39.89184500000000 116.342338000000000
39.89234300000000 116.342358000000000
39.89285400000000 116.342369000000010
39.89337400000000 116.342427000000000
39.89386200000000 116.342512000000000
39.89428500000000 116.342555000000000
39.89470800000000 116.342596000000000
39.89513100000000 116.342596000000000
39.89554200000000 116.342573000000000
39.89595600000000 116.342544000000000
39.89629200000000 116.342467000000000
39.89662400000000 116.342434000000000
39.89695800000000 116.342386000000000
39.89725200000000 116.342339999999990
39.89744000000000 116.342472000000000
39.89755400000000 116.342803000000000
39.89762200000000 116.343181000000000
39.89731700000000 116.343296000000000
39.89690600000000 116.343324000000000
39.89640000000000 116.343194000000000
39.89616400000000 116.342628000000000
39.89631100000000 116.341556000000000
39.89642700000000 116.340485000000000
39.89652400000000 116.339344999999990
39.89648200000000 116.338167000000000
39.89644600000000 116.336906000000000
39.89634800000000 116.335752000000000
39.89624200000000 116.334644000000000
39.89615100000000 116.333527000000000
39.89615700000000 116.332469000000000
39.89619800000000 116.331370000000010
39.89610700000000 116.330136999999990
39.89595800000000 116.328822000000000
39.89585100000000 116.327588000000010
39.89568800000000 116.326348000000000
39.89553600000000 116.325104000000000
39.89545200000000 116.323818000000000
39.89545900000000 116.322582999999990
39.89549400000000 116.321381000000000
39.89556400000000 116.320212000000000
39.89560400000000 116.319046000000000
39.89559600000000 116.317907000000010
39.89555700000000 116.316767000000000
39.89552400000000 116.315620999999990
39.90632900000000 116.305087000000000
39.90760600000000 116.304866000000000
39.90897300000000 116.304630000000000
39.90998900000000 116.304525000000000
39.91079200000000 116.304573000000000
39.91151800000000 116.304580000000000
39.91229500000000 116.304531000000000
39.91323900000000 116.304353000000010
39.91439800000000 116.303982000000000
39.91545400000000 116.303666000000010
39.91624400000000 116.303501999999990
39.91673300000000 116.303511000000000
39.91700300000000 116.303706000000010
39.91703400000000 116.304053000000000
39.91769500000000 116.303979000000000
39.92390300000000 116.301090000000000
39.92162100000000 116.313329999999990
39.92172600000000 116.314124000000010
39.92175200000000 116.314912000000010
39.92172700000000 116.315631000000000
39.92165400000000 116.316311000000000
39.92498400000000 116.321619000000000
39.92577100000000 116.320944000000000
39.92663100000000 116.320306000000000
39.92654700000000 116.320323000000000
39.92651900000000 116.320339000000000
39.92651400000000 116.320361000000010
39.92642600000000 116.320398999999990
39.99462200000000 116.326757000000000
39.99462200000000 116.326757000000000
39.99461400000000 116.326751000000000
39.99460200000000 116.326769000000000
39.99459900000000 116.326769000000000
39.99459900000000 116.326769000000000
39.99460100000000 116.326764999999990
39.99458400000000 116.326731000000000
39.99459300000000 116.326668000000000
39.99456400000000 116.326612000000000
39.99454900000000 116.326542000000000
39.99455100000000 116.326510000000000
39.99454700000000 116.326425000000000
39.99455400000000 116.326341000000000
39.99460900000000 116.326361000000010
39.99466400000000 116.326391000000000
39.99471400000000 116.326453000000000
39.99478000000000 116.326489000000000
39.99484900000000 116.326520000000000
39.99491100000000 116.326567999999990
39.99497600000000 116.326634000000000
39.99502900000000 116.326678000000000
39.99509600000000 116.326705000000000
39.99517000000000 116.326729000000000
39.99522400000000 116.326677000000000
39.99528700000000 116.326372000000010
39.99536100000000 116.326374000000000
39.99542900000000 116.326381000000000
39.99547200000000 116.326378000000010
39.99552900000000 116.326376000000000
39.99557300000000 116.326342999999990
39.99561600000000 116.326277000000000
39.99578100000000 116.326147000000010
39.99924900000000 116.325860000000010
39.99939200000000 116.325884000000000
39.99942400000000 116.325782000000000
39.99938600000000 116.325577999999990
39.99934300000000 116.325373000000000
39.99934800000000 116.325203000000000
39.99946600000000 116.324843000000000
39.99954500000000 116.324734000000010
40.00714300000000 116.324088000000000
40.00717800000000 116.323881000000000
40.00722700000000 116.323652999999990
40.00892300000000 116.322802999999990
40.00887000000000 116.322512000000000
40.00881500000000 116.322270000000000
40.00876700000000 116.322068000000000
40.00876800000000 116.321916000000000
40.00879600000000 116.321834000000000
40.01229000000000 116.297072000000000
40.01259400000000 116.297269000000000
40.01258100000000 116.297263000000000
40.01245300000000 116.297177000000000
40.01239800000000 116.297133000000000
40.01239800000000 116.297133000000000
40.01239100000000 116.297133000000000
40.01239500000000 116.297162000000000
40.01242900000000 116.297183000000000
40.01247800000000 116.297212000000000
40.01250300000000 116.297231000000000
40.01254000000000 116.297268000000000
40.01257600000000 116.297274000000000
40.01258500000000 116.297261000000010
40.01258800000000 116.297239000000000
40.01255800000000 116.297209000000000
40.01252300000000 116.297173000000000
40.01254000000000 116.297175999999990
40.01244900000000 116.297124000000000
40.01248800000000 116.297157000000000
40.01254900000000 116.297160000000010
40.01256800000000 116.297165000000010
40.01264400000000 116.297214999999990
40.01265800000000 116.297240000000000
40.01265800000000 116.297240000000000
40.01265300000000 116.297247000000000
40.01258400000000 116.297184000000000
40.01174400000000 116.296798999999990
40.01170400000000 116.296803000000000
40.01167000000000 116.296800000000000
40.01166400000000 116.296797000000000
40.01166000000000 116.296798000000000
40.01166400000000 116.296805000000010
40.01167100000000 116.296811000000010
40.01166800000000 116.296809999999990
40.01166800000000 116.296809999999990
40.01166100000000 116.296803000000000
40.01165200000000 116.296800000000000
40.01163500000000 116.296777000000010
40.01160200000000 116.296769000000000
40.01155200000000 116.296753000000000
40.01155200000000 116.296753000000000
40.01154600000000 116.296750000000000
40.01153700000000 116.296728000000000
40.01153000000000 116.296707000000000
40.01146300000000 116.296676000000010
40.01164400000000 116.296932000000000
40.01166500000000 116.296927999999990
40.01166600000000 116.296887000000000
40.01166600000000 116.296887000000000
40.01166600000000 116.296884000000010
40.01167600000000 116.296881000000000
40.01167600000000 116.296881000000000
